--------------RUN1--------------
Execution time: 430.70 seconds
MST cost: 37.4743
Result fitness: 25.8588
Improvement over MST: 36.68%
Result: [(0.26766666666666666, 0.7010000000000001), (0.53, 0.6033333333333334), (0.4590000000000001, 0.5389999999999999), (0.7433333333333334, 0.5366666666666666), (0.3390000000000001, 0.6743333333333333), (0.6366666666666667, 0.5166666666666667), (0.41000000000000003, 0.6566666666666666), (0.3433333333333334, 0.67), (0.7276666666666667, 0.521), (0.6366666666666667, 0.51), (0.3566666666666667, 0.65), (0.5323333333333333, 0.6010000000000001), (0.49433333333333335, 0.599), (0.15666666666666668, 0.59), (0.34566666666666673, 0.661), (0.3566666666666667, 0.6366666666666667), (0.4033333333333334, 0.65), (0.7433333333333334, 0.5033333333333333), (0.38333333333333336, 0.65), (0.33, 0.6766666666666666), (0.15666666666666668, 0.5833333333333334), (0.7366666666666667, 0.51), (0.17666666666666667, 0.47000000000000003), (0.67, 0.5166666666666667), (0.5033333333333333, 0.59), (0.29000000000000004, 0.71), (0.4833333333333334, 0.6033333333333334), (0.29900000000000004, 0.7076666666666667), (0.281, 0.7056666666666667), (0.45433333333333337, 0.6323333333333333), (0.3766666666666667, 0.6566666666666666), (0.5566666666666666, 0.5966666666666667)]%

--------------RUN2--------------
Execution time: 664.82 seconds
MST cost: 37.4743
Result fitness: 25.9745
Improvement over MST: 36.25%
Result: [(0.5323333333333333, 0.6010000000000001), (0.6343333333333334, 0.519), (0.49433333333333335, 0.599), (0.35900000000000004, 0.6476666666666667), (0.7323, 0.5209666666666667), (0.34566666666666673, 0.661), (0.34566666666666673, 0.661), (0.5566666666666666, 0.5966666666666667), (0.48100000000000004, 0.6056666666666667), (0.639, 0.5123333333333333), (0.7433333333333334, 0.5366666666666666), (0.381, 0.6476666666666667), (0.17433333333333334, 0.4676666666666667), (0.341, 0.6723333333333333), (0.5033333333333333, 0.59), (0.27, 0.7033333333333334), (0.159, 0.5923333333333333), (0.281, 0.7056666666666667), (0.15433333333333335, 0.5810000000000001), (0.7276666666666667, 0.521), (0.7410000000000001, 0.5343333333333333), (0.6723, 0.5143666666666667), (0.4276666666666667, 0.6476666666666667), (0.3766666666666667, 0.6566666666666666), (0.4566666666666667, 0.5366666666666666), (0.4566666666666667, 0.63)]%

--------------RUN3--------------
Execution time: 471.53 seconds
MST cost: 37.4743
Result fitness: 25.8593
Improvement over MST: 36.68%
Result: [(0.6343333333333334, 0.519), (0.441, 0.639), (0.4590000000000001, 0.5389999999999999), (0.33433333333333337, 0.6789999999999999), (0.27, 0.7033333333333334), (0.6656666666666666, 0.521), (0.6366666666666667, 0.51), (0.41000000000000003, 0.6566666666666666), (0.7276666666666667, 0.521), (0.15433333333333335, 0.5810000000000001), (0.32766666666666666, 0.6789999999999999), (0.3566666666666667, 0.65), (0.49433333333333335, 0.599), (0.15666666666666668, 0.59), (0.6433333333333333, 0.5033333333333333), (0.34566666666666673, 0.661), (0.501, 0.5923333333333333), (0.7433333333333334, 0.5033333333333333), (0.3566666666666667, 0.6366666666666667), (0.38333333333333336, 0.65), (0.48100000000000004, 0.6056666666666667), (0.2966666666666667, 0.71), (0.7366666666666667, 0.51), (0.17666666666666667, 0.47000000000000003), (0.7410000000000001, 0.5343333333333333), (0.67, 0.5166666666666667), (0.40566666666666673, 0.6523333333333333), (0.6456666666666666, 0.5056666666666666), (0.4566666666666667, 0.63), (0.5276666666666667, 0.6010000000000001), (0.4276666666666667, 0.6476666666666667), (0.3766666666666667, 0.6566666666666666), (0.5566666666666666, 0.5966666666666667)]%

--------------RUN4--------------
Execution time: 725.84 seconds
MST cost: 37.4743
Result fitness: 26.2094
Improvement over MST: 35.38%
Result: [(0.17666666666666667, 0.47000000000000003), (0.2876666666666667, 0.7077), (0.6343333333333334, 0.519), (0.2876666666666667, 0.7077), (0.5543333333333333, 0.5943333333333334), (0.15433333333333335, 0.5876666666666667), (0.4566666666666667, 0.5333), (0.53, 0.6033333333333334), (0.4323333333333334, 0.6477), (0.48100000000000004, 0.6056666666666667), (0.7166666666666667, 0.5166666666666667), (0.639, 0.5123333333333333), (0.7366666666666667, 0.51), (0.35903333333333337, 0.6476000000000001), (0.5056666666666666, 0.5923333333333333), (0.5033333333333333, 0.59)]%

--------------RUN5--------------
Execution time: 591.14 seconds
MST cost: 37.4743
Result fitness: 25.9154
Improvement over MST: 36.47%
Result: [(0.2833333333333334, 0.7033333333333334), (0.73, 0.5233333333333333), (0.3856666666666667, 0.6523333333333333), (0.7433333333333334, 0.5366666666666666), (0.6435390322772504, 0.5124903633845664), (0.6366666666666667, 0.5166666666666667), (0.27233333333333337, 0.7056666666666667), (0.41000000000000003, 0.6566666666666666), (0.3433333333333334, 0.67), (0.32766666666666666, 0.6789999999999999), (0.3566666666666667, 0.65), (0.3433333333333334, 0.6633333333333333), (0.719, 0.519), (0.5323333333333333, 0.6010000000000001), (0.7343333333333334, 0.5123333333333333), (0.4033333333333334, 0.65), (0.7433333333333334, 0.5033333333333333), (0.4566666666666667, 0.5366666666666666), (0.5299449592612685, 0.6026465075156069), (0.2966666666666667, 0.71), (0.15666666666666668, 0.5833333333333334), (0.3766666666666667, 0.6566666666666666), (0.17666666666666667, 0.47000000000000003), (0.159, 0.5923333333333333), (0.381, 0.6523333333333333), (0.29000000000000004, 0.71), (0.45433333333333337, 0.6323333333333333), (0.5033333333333333, 0.5833333333333334), (0.5566666666666666, 0.5966666666666667)]%

--------------RUN6--------------
Execution time: 441.42 seconds
MST cost: 37.4743
Result fitness: 25.8421
Improvement over MST: 36.74%
Result: [(0.7166666666666667, 0.5166666666666667), (0.4590000000000001, 0.5389999999999999), (0.641, 0.5056666666666666), (0.7323666666666666, 0.5209666666666667), (0.5056666666666666, 0.5923333333333333), (0.4323333333333334, 0.6476666666666667), (0.33896666666666675, 0.6743333333333333), (0.15433333333333335, 0.5876666666666667), (0.6366666666666667, 0.5166666666666667), (0.7433666666666667, 0.5366666666666666), (0.3433333333333334, 0.67), (0.44570000000000004, 0.6343000000000001), (0.7276666666666667, 0.5209666666666667), (0.35900000000000004, 0.6476666666666667), (0.35433333333333333, 0.6343333333333334), (0.639, 0.5076666666666667), (0.34566666666666673, 0.661), (0.33003333333333335, 0.6767), (0.48100000000000004, 0.6056666666666667), (0.2966666666666667, 0.71), (0.15666666666666668, 0.5833333333333334), (0.7366666666666667, 0.51), (0.17666666666666667, 0.4699666666666667), (0.6677000000000001, 0.5189666666666667), (0.6456666666666666, 0.5056666666666666), (0.4566666666666667, 0.63), (0.5276666666666667, 0.6010000000000001), (0.281, 0.7056666666666667), (0.5566666666666666, 0.5966666666666667)]%

--------------RUN7--------------
Execution time: 521.68 seconds
MST cost: 37.4743
Result fitness: 25.8487
Improvement over MST: 36.72%
Result: [(0.6343333333333334, 0.519), (0.501, 0.5876666666666667), (0.73, 0.5233333333333333), (0.6343333333333334, 0.5123333333333333), (0.4033333333333334, 0.65), (0.5589999999999999, 0.5943333333333334), (0.48100000000000004, 0.6056666666666667), (0.2966666666666667, 0.71), (0.4590000000000001, 0.5389999999999999), (0.7433333333333334, 0.5366666666666666), (0.4456666666666667, 0.6343333333333334), (0.17666666666666667, 0.47000000000000003), (0.43000000000000005, 0.65), (0.27233333333333337, 0.7010000000000001), (0.541, 0.599), (0.281, 0.7056666666666667), (0.41000000000000003, 0.6566666666666666), (0.5276666666666667, 0.6010000000000001), (0.15433333333333335, 0.5923333333333333), (0.45433333333333337, 0.6323333333333333), (0.3766666666666667, 0.6566666666666666), (0.3566666666666667, 0.65), (0.719, 0.519), (0.38333333333333336, 0.65), (0.6723333333333333, 0.5143333333333334), (0.541, 0.599)]%

--------------RUN8--------------
Execution time: 531.48 seconds
MST cost: 37.4743
Result fitness: 25.7967
Improvement over MST: 36.91%
Result: [(0.6343333333333334, 0.519), (0.6343333333333334, 0.5123333333333333), (0.26766666666666666, 0.7010000000000001), (0.4590000000000001, 0.5343333333333333), (0.7166666666666667, 0.5166666666666667), (0.7433333333333334, 0.5366666666666666), (0.4076666666666667, 0.6589999999999999), (0.7276666666666667, 0.521), (0.35433333333333333, 0.6523333333333333), (0.4123333333333334, 0.6543333333333333), (0.7318491020546012, 0.5205938649528806), (0.15666666666666668, 0.59), (0.2876666666666667, 0.7076666666666667), (0.3566666666666667, 0.6366666666666667), (0.7433333333333334, 0.5033333333333333), (0.15666666666666668, 0.5833333333333334), (0.7366666666666667, 0.51), (0.17666666666666667, 0.47000000000000003), (0.4966666666666667, 0.5966666666666667), (0.40566666666666673, 0.6523333333333333), (0.4833333333333334, 0.6033333333333334), (0.381, 0.6523333333333333), (0.29900000000000004, 0.7076666666666667), (0.4566666666666667, 0.63), (0.49900000000000005, 0.5943333333333334), (0.5276666666666667, 0.6010000000000001), (0.3766666666666667, 0.6566666666666666), (0.5566666666666666, 0.5966666666666667)]%

--------------RUN9--------------
Execution time: 471.68 seconds
MST cost: 37.4743
Result fitness: 25.9485
Improvement over MST: 36.35%
Result: [(0.5032666666666666, 0.5899333333333333), (0.53, 0.6033666666666667), (0.15906666666666666, 0.5922666666666666), (0.37670000000000003, 0.6566333333333333), (0.7433333333333334, 0.5366666666666666), (0.35663333333333336, 0.65), (0.3390000000000001, 0.6743333333333333), (0.6366333333333334, 0.5100333333333333), (0.3433333333333334, 0.6700333333333334), (0.7276666666666667, 0.5210333333333333), (0.27, 0.7033), (0.15433333333333335, 0.5810333333333334), (0.41000000000000003, 0.6566666666666666), (0.34330000000000005, 0.6633), (0.5323333333333333, 0.6010000000000001), (0.49433333333333335, 0.5989666666666666), (0.3566666666666667, 0.6366666666666667), (0.6367333333333334, 0.5166333333333334), (0.7433333333333334, 0.5033333333333333), (0.2966666666666667, 0.7100333333333333), (0.7366666666666667, 0.5100333333333333), (0.5566666666666666, 0.5966666666666667), (0.17666666666666667, 0.47000000000000003), (0.18566666666666667, 0.461), (0.33, 0.6766333333333333), (0.4833333333333334, 0.6033333333333334), (0.281, 0.7057), (0.45433333333333337, 0.6323666666666666), (0.67, 0.5166333333333334), (0.38330000000000003, 0.6500333333333334), (0.40566666666666673, 0.6523), (0.5033, 0.5833333333333334), (0.4566666666666667, 0.5366666666666666)]%

--------------RUN10--------------
Execution time: 527.61 seconds
MST cost: 37.4743
Result fitness: 25.9615
Improvement over MST: 36.30%
Result: [(0.4543666666666667, 0.6323), (0.5543333333333333, 0.5943333333333334), (0.29663333333333336, 0.71), (0.35433333333333333, 0.6343333333333334), (0.4590333333333334, 0.5343333333333333), (0.7167, 0.5167), (0.53, 0.6033333333333334), (0.4989666666666667, 0.5943666666666667), (0.661, 0.521), (0.7366666666666667, 0.51), (0.17666666666666667, 0.47000000000000003), (0.3543, 0.6523666666666667), (0.43000000000000005, 0.65), (0.67, 0.5166666666666667), (0.6366666666666667, 0.5166666666666667), (0.15430000000000002, 0.5922999999999999), (0.6457333333333333, 0.5057333333333333), (0.27003333333333335, 0.7033333333333334), (0.6409666666666667, 0.5055999999999999), (0.4409666666666667, 0.6343333333333334), (0.6366666666666667, 0.51), (0.48566666666666675, 0.6010000000000001), (0.7410000000000001, 0.5343333333333333), (0.5566666666666666, 0.5966666666666667), (0.73, 0.5233333333333333)]%

--------------AVERAGE--------------
Execution time: 537.79 seconds
Result cost: 25.9215
Improvement over MST: 36.45%