--------------RUN1--------------
Execution time: 7426.06 seconds
MST cost: 6.2864
Result fitness: 6.1481
Improvement over MST: 2.23%
Result: [(0.8984262602840243, 0.3913775717110525), (0.5701324841455316, 0.5362821221680256), (0.9713443900430322, 0.7906447829890079), (0.8936836604874921, 0.6778380650449833), (0.10596217521062046, 0.7218876581533389), (0.17749676148138285, 0.8588960863244474), (0.7962512779128714, 0.6849461170390808), (0.5482469407978808, 0.219092743739737), (0.8887791657106565, 0.8889980945591867), (0.4660788404057516, 0.4040211053915542), (0.22479640952135058, 0.09387607370694794), (0.7241187419393302, 0.5989357145384675), (0.5206819175122714, 0.8266125842325613), (0.7991285134006623, 0.9555494831230834), (0.23211392130612798, 0.2328871819970157), (0.7825322772495845, 0.8769108229043211), (0.41501827277586034, 0.9252097736101889), (0.17900000000000002, 0.639), (0.6689, 0.4889), (0.12472565718907798, 0.9159614235507387), (0.2471466464300468, 0.20914543964680243), (0.08912723448259068, 0.7582853076147117)]%

--------------RUN2--------------
Execution time: 7408.97 seconds
MST cost: 6.2864
Result fitness: 6.1405
Improvement over MST: 2.35%
Result: [(0.8860176217230156, 0.09441079695588954), (0.5483469407978808, 0.219192743739737), (0.8114475758175773, 0.8984588175014779), (0.17900000000000002, 0.6312), (0.25795886664582746, 0.2148337021582062), (0.12472565718907798, 0.9157614235507388), (0.5209851169888767, 0.8210492043733898), (0.3573653496673849, 0.8962491590741087), (0.8886791657106565, 0.8892980945591866), (0.41491827277586035, 0.9252097736101889), (0.3941, 0.4239), (0.8935836604874922, 0.6779380650449833), (0.7288, 0.601), (0.08902723448259067, 0.7584853076147117), (0.5483469407978808, 0.219092743739737), (0.3602263910988382, 0.5608404404676801), (0.4391, 0.07920000000000002), (0.8619917311569643, 0.3837229118338591), (0.47738198441351487, 0.4060887278233033), (0.5208851169888767, 0.8262492043733898), (0.875, 0.395), (0.5483469407978808, 0.219092743739737), (0.9714443900430322, 0.7908447829890078), (0.5700324841455316, 0.5362821221680256), (0.5323651267413482, 0.08423623544322267)]%

--------------RUN3--------------
Execution time: 7745.17 seconds
MST cost: 6.2864
Result fitness: 6.1446
Improvement over MST: 2.28%
Result: [(0.2246964095213506, 0.09377607370694793), (0.47748198441351486, 0.4060887278233033), (0.5325651267413481, 0.08443623544322269), (0.38985651195165427, 0.4156724996636713), (0.8204224559544518, 0.4082733456859782), (0.8835572478230012, 0.8889739309872223), (0.8937836604874921, 0.6777380650449834), (0.8114475758175773, 0.8935588175014779), (0.9773897998232554, 0.7910798669300761), (0.09311189933487497, 0.5131697772327387), (0.4149182727758603, 0.9252097736101889), (0.894526953383519, 0.392252123853609), (0.25805886664582744, 0.2148337021582062), (0.5483469407978808, 0.219092743739737), (0.7287183462758418, 0.5944873299351701), (0.7991285134006623, 0.9554494831230834), (0.18978843438002546, 0.6338775398092041), (0.5702582066850099, 0.5362952999422858), (0.12472442446986712, 0.9159649977825397), (0.36028755855518524, 0.5607103381335161), (0.8101422151461634, 0.9695905600101087)]%

--------------AVERAGE--------------
Execution time: 7526.73 seconds
Result cost: 6.1444
Improvement over MST: 2.29%

