--------------RUN1--------------
Execution time: 9023.09 seconds
MST cost: 6.6602
Result fitness: 6.4988
Improvement over MST: 2.45%
Result: [(0.03490749725648629, 0.770937241516643), (0.5438451789047876, 0.2231431870631082), (0.23758230052322135, 0.6105541342353321), (0.8205224559544518, 0.40837334568597816), (0.9714443900430322, 0.7906447829890079), (0.7949528483547519, 0.6756599767565188), (0.8113475758175773, 0.8935588175014779), (0.10586185338722592, 0.721788898038358), (0.8861234138450883, 0.8148607976975762), (0.5214545380270837, 0.8299613830654611), (0.4772819844135149, 0.4061887278233033), (0.38985537614049715, 0.4157684395489463), (0.7241187419393302, 0.5989357145384675), (0.10335975270226014, 0.5097441277845928), (0.4149182727758603, 0.9252097736101889), (0.07732740910468315, 0.9060952261750559), (0.25805886664582744, 0.2148337021582062), (0.36082315251446884, 0.5890907406759646), (0.5700324841455316, 0.5414821221680256), (0.13604261474327708, 0.9019604410699948), (0.18400799008051721, 0.5336102645944946), (0.5228701201141593, 0.3379952441817065), (0.7162226975656085, 0.49439552944765797), (0.5666226463963655, 0.09912289865867058)]%

--------------RUN2--------------
Execution time: 9600.49 seconds
MST cost: 6.6602
Result fitness: 6.5036
Improvement over MST: 2.38%
Result: [(0.18714511704237952, 0.526915833832105), (0.36052315251446887, 0.5990907406759646), (0.36062315251446886, 0.5990907406759646), (0.9398756805429331, 0.7948008016202537), (0.24650044723952647, 0.6068449015060422), (0.24650044723952647, 0.6068449015060422), (0.07212740910468314, 0.9061952261750559), (0.8041542814008833, 0.9780902905011207), (0.5276701201141594, 0.3428952441817065), (0.8245883893063396, 0.685213963349983), (0.8145883893063396, 0.695313963349983), (0.47880000000000006, 0.391), (0.5486451789047876, 0.21834318706310818), (0.5701324841455316, 0.5362821221680256), (0.5565226463963655, 0.09922289865867058), (0.38778786470157417, 0.4104172630051634), (0.10315975270226013, 0.5095441277845928), (0.5209907766195235, 0.8243343392559394), (0.8116911167726492, 0.893525555469254), (0.2582588666458274, 0.2148337021582062), (0.8863234138450883, 0.8200607976975762), (0.803972854342363, 0.7338860462249426), (0.4219292961258959, 0.09516186648792326), (0.8946269533835189, 0.39225212385360897), (0.41491827277586035, 0.9252097736101889), (0.5700324841455316, 0.5363821221680256)]%

--------------RUN3--------------
Execution time: 9498.90 seconds
MST cost: 6.6602
Result fitness: 6.4990
Improvement over MST: 2.45%
Result: [(0.47738198441351487, 0.4059887278233033), (0.07722740910468315, 0.9061952261750559), (0.7242187419393302, 0.5990357145384675), (0.5223701201141594, 0.3379952441817065), (0.05329286645261653, 0.7779521385690015), (0.18714511704237952, 0.5268158338321052), (0.7962747586768173, 0.6848618245680073), (0.3889, 0.421), (0.8866528450013058, 0.7956777055152231), (0.8163475758175773, 0.898358817501478), (0.4200182727758603, 0.9304097736101888), (0.10315975270226013, 0.5093441277845928), (0.894426953383519, 0.39225212385360897), (0.5206851169888768, 0.8263492043733898), (0.35572315251446884, 0.5890907406759646), (0.11734275568652873, 0.9059357246989681), (0.5487451789047876, 0.2281431870631082), (0.7948017858786393, 0.7200274777479005), (0.21742085397670313, 0.1878473488476412), (0.26361670382758634, 0.21030078799677082), (0.31836881850200716, 0.6140966404461529), (0.8203224559544519, 0.4082733456859782), (0.8203224559544519, 0.4082733456859782), (0.9390212434267073, 0.7838776519342411)]%

--------------AVERAGE--------------
Execution time: 9374.16 seconds
Result cost: 6.5005
Improvement over MST: 2.43%

