--------------RUN1--------------
Execution time: 5892.08 seconds
MST cost: 5.9477
Result fitness: 5.8444
Improvement over MST: 1.75%
Result: [(0.09788214033997594, 0.9134610928759691), (0.2246964095213506, 0.09377607370694793), (0.8936836604874921, 0.6778380650449833), (0.8620917311569642, 0.3837229118338591), (0.05116268690498548, 0.6861744470381036), (0.17749676148138285, 0.8588960863244474), (0.9716443900430322, 0.7908447829890078), (0.36022307291787414, 0.5606602473013648), (0.4150182727758603, 0.9250097736101889), (0.7059, 0.5038), (0.5207047300351498, 0.8262542471757154), (0.2583588666458274, 0.21473370215820622), (0.8859176217230156, 0.09451079695588954), (0.47831234776373727, 0.40246194310985617), (0.5565226463963655, 0.09442289865867058), (0.729, 0.511), (0.8888791657106565, 0.8889980945591867), (0.38944918950781204, 0.41434542546117703), (0.8113475758175773, 0.8933588175014779), (0.7239187419393303, 0.5985357145384675), (0.08902723448259067, 0.7583853076147117), (0.7825322772495845, 0.8768108229043211), (0.7211, 0.5111)]%

--------------RUN2--------------
Execution time: 5455.34 seconds
MST cost: 5.9477
Result fitness: 5.8541
Improvement over MST: 1.59%
Result: [(0.0893025589239935, 0.7583538075185838), (0.7240187419393302, 0.5988357145384675), (0.7209, 0.519), (0.17749676148138285, 0.8588960863244474), (0.2246964095213506, 0.09377607370694793), (0.3900333368948654, 0.41579012451536357), (0.4772819844135149, 0.4059887278233033), (0.2583138870457517, 0.21436471842957613), (0.5208851169888767, 0.8264492043733898), (0.4151182727758603, 0.9251097736101889), (0.8889791657106565, 0.8888980945591867), (0.12472565718907798, 0.9159614235507387), (0.9717443900430321, 0.7908447829890078), (0.894526953383519, 0.39235212385360896), (0.8938836604874921, 0.6776380650449834), (0.08489287202688478, 0.5190568684079077)]%

--------------RUN3--------------
Execution time: 5346.95 seconds
MST cost: 5.9477
Result fitness: 5.8508
Improvement over MST: 1.64%
Result: [(0.7827322772495845, 0.8766108229043211), (0.17746120931778434, 0.8587931480483328), (0.7251251518540451, 0.5981687790732406), (0.47738198441351487, 0.4059887278233033), (0.8859176217230156, 0.09451079695588954), (0.9714443900430322, 0.7908447829890078), (0.521, 0.08900000000000001), (0.4149182727758603, 0.9252097736101889), (0.8888791657106565, 0.8885980945591867), (0.5207851169888768, 0.8262492043733898), (0.3625653496673849, 0.9010491590741088), (0.05117084125824768, 0.6863786718104701), (0.7241671097832056, 0.5198563419209942), (0.8937252407024041, 0.678037459607303), (0.5048252512473268, 0.1109784141708394), (0.12482565718907798, 0.9159614235507387), (0.25795886664582746, 0.21473370215820622)]%

--------------AVERAGE--------------
Execution time: 5564.79 seconds
Result cost: 5.8498
Improvement over MST: 1.66%

