--------------RUN1--------------
Execution time: 1255.52 seconds
MST cost: 3.7846
Result fitness: 2.8731
Improvement over MST: 27.38%
Result: [(0.6738360724928315, 0.912779914696595), (0.6908693657330888, 0.56463464479967), (0.601, 0.731), (0.6718265055943001, 0.895509912779406), (0.23929999999999998, 0.21880000000000002), (0.439, 0.491), (0.225, 0.195), (0.7246885248344421, 0.4444971313446001), (0.6018621359190524, 0.30520462340587445), (0.5580020413176818, 0.6759518352144258), (0.639, 0.779), (0.6203066606306326, 0.7694200180945168), (0.7505733599262171, 0.41403238046867685), (0.6012, 0.739), (0.2509, 0.2511), (0.7211, 0.4591), (0.6361684127191563, 0.7742637846011929), (0.6289, 0.7691), (0.5852999999999999, 0.34480000000000005), (0.5591, 0.6891), (0.38973350492749415, 0.5060074313152086), (0.459, 0.481), (0.1213, 0.15109999999999998), (0.72, 0.44), (0.265, 0.28500000000000003)]%

--------------RUN2--------------
Execution time: 1354.46 seconds
MST cost: 3.7846
Result fitness: 2.8753
Improvement over MST: 27.31%
Result: [(0.725, 0.455), (0.10500000000000001, 0.14500000000000002), (0.371, 0.529), (0.601, 0.731), (0.3831722229873535, 0.5095102646264114), (0.7255639138827685, 0.4435897327564678), (0.439, 0.491), (0.7011275520108355, 0.5233833558791006), (0.5889, 0.309), (0.22490000000000002, 0.19490000000000002), (0.7382271577978963, 0.4382171669525746), (0.7293, 0.5489), (0.6516902228652623, 0.915414985189907), (0.539, 0.669), (0.7478029750931326, 0.40287722654630326), (0.6128676441849308, 0.7687840634150407), (0.6369438495397295, 0.809250233522326), (0.375433955799193, 0.5286648688829324), (0.321, 0.5790000000000001), (0.275, 0.295), (0.6080526997060065, 0.7745888704192513), (0.129, 0.151), (0.5851, 0.34500000000000003), (0.23900000000000002, 0.219)]%

--------------RUN3--------------
Execution time: 1192.36 seconds
MST cost: 3.7846
Result fitness: 2.8754
Improvement over MST: 27.30%
Result: [(0.7244914156297801, 0.4445652234894408), (0.259, 0.259), (0.6009, 0.7309), (0.6200836070209367, 0.7675133934853429), (0.431, 0.491), (0.703650082961568, 0.5236301536458955), (0.6388, 0.8091), (0.2691, 0.28090000000000004), (0.6389, 0.7789), (0.539, 0.669), (0.6251, 0.7651), (0.721, 0.459), (0.229, 0.199), (0.7507733599262171, 0.4137323804686769), (0.6518902228652623, 0.915514985189907), (0.6090927145195429, 0.7607063297495285), (0.725, 0.545), (0.1212, 0.15080000000000002), (0.38940292605575977, 0.5061628564453207), (0.589, 0.3491)]%

--------------RUN4--------------
Execution time: 1139.67 seconds
MST cost: 3.7846
Result fitness: 2.9260
Improvement over MST: 25.59%
Result: [(0.6079526997060065, 0.7241888704192513), (0.2552, 0.2499), (0.38880000000000003, 0.5189), (0.6906704849020437, 0.5646795140821711), (0.101, 0.1411), (0.439, 0.499), (0.7254262258855191, 0.44482904057295475), (0.47890000000000005, 0.489), (0.6044999999999999, 0.34870000000000007), (0.6288, 0.7611), (0.329, 0.5710000000000001), (0.609, 0.761), (0.721, 0.459), (0.6197452897526505, 0.7682682786431687), (0.635, 0.805), (0.6950000000000001, 0.365), (0.229, 0.199), (0.129, 0.151), (0.6569902228652623, 0.910414985189907), (0.385, 0.515), (0.7508733599262171, 0.4138323804686769)]%

--------------RUN5--------------
Execution time: 1189.08 seconds
MST cost: 3.7846
Result fitness: 2.9238
Improvement over MST: 25.66%
Result: [(0.5097263478413315, 0.5399623538944495), (0.6203336855378551, 0.7693923078884818), (0.6307121307798408, 0.5871293727961564), (0.6352, 0.8051), (0.489, 0.551), (0.12890000000000001, 0.15080000000000002), (0.7508733599262171, 0.4136323804686769), (0.5851999999999999, 0.34490000000000004), (0.10900000000000001, 0.14900000000000002), (0.515, 0.495), (0.6517902228652623, 0.915514985189907), (0.23870000000000005, 0.21119999999999997), (0.6306209592268939, 0.5871062657304089), (0.721, 0.541), (0.2509, 0.2512), (0.589, 0.301), (0.7295548235372464, 0.445764917964777), (0.6311, 0.7711), (0.6293, 0.7692), (0.6017898510449504, 0.7388073605815795), (0.7005534313128261, 0.5266410248667147), (0.511, 0.509), (0.221, 0.191), (0.6825664422284857, 0.5337472133580208)]%

--------------RUN6--------------
Execution time: 1377.58 seconds
MST cost: 3.7846
Result fitness: 2.8517
Improvement over MST: 28.12%
Result: [(0.6251696602792189, 0.7658291382480973), (0.725, 0.455), (0.7206, 0.5408000000000001), (0.603009490307385, 0.7328742494291823), (0.1211, 0.1509), (0.635, 0.775), (0.601, 0.739), (0.2591, 0.2591), (0.6511250130357694, 0.908950839936285), (0.38257114180838375, 0.5380949991062534), (0.535, 0.6652), (0.4349, 0.495), (0.7265449022357888, 0.4453112663249411), (0.3587316057687707, 0.5414192473294198), (0.39288774631686, 0.5126394790778424), (0.5941, 0.34900000000000003), (0.635, 0.805), (0.7022070847130363, 0.5232983293051202), (0.2589, 0.251), (0.751173359926217, 0.4137323804686769), (0.2251, 0.19490000000000002), (0.3303, 0.5699000000000001), (0.221, 0.191)]%

--------------RUN7--------------
Execution time: 1159.09 seconds
MST cost: 3.7846
Result fitness: 2.8610
Improvement over MST: 27.80%
Result: [(0.269, 0.281), (0.601, 0.731), (0.121, 0.151), (0.619932122370513, 0.7681840907395256), (0.259, 0.259), (0.5441, 0.6741), (0.601, 0.739), (0.6361, 0.771), (0.431, 0.491), (0.750973359926217, 0.4137323804686769), (0.381, 0.519), (0.7211, 0.464), (0.6950000000000001, 0.3651), (0.329, 0.5710000000000001), (0.3821933551124682, 0.511989346846253), (0.5941, 0.34900000000000003), (0.7252463296880677, 0.4447496124314304), (0.275, 0.295), (0.2291, 0.1991), (0.667286077823799, 0.9131303187021729), (0.6908704849020437, 0.5645795140821711), (0.6615025905325814, 0.8735521875296819)]%

--------------RUN8--------------
Execution time: 1207.95 seconds
MST cost: 3.7846
Result fitness: 2.8848
Improvement over MST: 26.98%
Result: [(0.3889, 0.519), (0.7264704753284171, 0.4454491055769807), (0.635, 0.775), (0.259, 0.259), (0.639, 0.809), (0.1291, 0.1561), (0.629, 0.769), (0.6563197427023626, 0.9027760416836192), (0.6651234692035556, 0.9050858982059421), (0.6118739814551641, 0.2582849745416762), (0.5711942307978374, 0.6855730007237985), (0.6902952125128906, 0.571598423590758), (0.7508733599262171, 0.4135323804686769), (0.3811, 0.5191), (0.621, 0.769), (0.725, 0.4551), (0.5988, 0.3491), (0.229, 0.199), (0.275, 0.295), (0.3249, 0.5750000000000001), (0.459, 0.481), (0.5696849127089075, 0.672849515601183)]%

--------------RUN9--------------
Execution time: 1086.98 seconds
MST cost: 3.7846
Result fitness: 2.8618
Improvement over MST: 27.77%
Result: [(0.5901, 0.34500000000000003), (0.601, 0.731), (0.259, 0.259), (0.3861969733476966, 0.5211516064482562), (0.719, 0.459), (0.656108600964556, 0.9034771577121012), (0.2751, 0.2949), (0.3809, 0.519), (0.6300260803535416, 0.7696700151868544), (0.750973359926217, 0.4137323804686769), (0.389, 0.519), (0.1209, 0.1509), (0.539, 0.669), (0.631, 0.799), (0.329, 0.5710000000000001), (0.7234341269284588, 0.4436551488303223), (0.6907704849020437, 0.5645795140821711), (0.6074506969203023, 0.7561999685500713), (0.229, 0.199), (0.7390230966277819, 0.4387681532500548), (0.7235101965933892, 0.44334019569552857), (0.459, 0.481)]%

--------------RUN10--------------
Execution time: 1186.59 seconds
MST cost: 3.7846
Result fitness: 2.8752
Improvement over MST: 27.31%
Result: [(0.3289, 0.5711), (0.261, 0.281), (0.7507733599262171, 0.4136323804686769), (0.609, 0.739), (0.439, 0.491), (0.6104886398103039, 0.7599937823880982), (0.389, 0.519), (0.629, 0.769), (0.225, 0.195), (0.6908689008106553, 0.5646568047089903), (0.5891, 0.3011), (0.10110000000000001, 0.14090000000000003), (0.6455281658329706, 0.9138639443751966), (0.539, 0.669), (0.3899153453888997, 0.5116932881036356), (0.7290855635896768, 0.4458447448600047), (0.631, 0.771), (0.5811, 0.34090000000000004), (0.23900000000000002, 0.219), (0.609, 0.259), (0.1291, 0.15109999999999998), (0.459, 0.481), (0.6950000000000001, 0.3649), (0.6104886398103039, 0.7599937823880982)]%

--------------AVERAGE--------------
Execution time: 1214.93 seconds
Result cost: 2.8808
Improvement over MST: 27.12%

