--------------RUN1--------------
Execution time: 1219.88 seconds
MST cost: 3.7846
Result fitness: 2.8824
Improvement over MST: 27.06%
Result: [(0.269, 0.281), (0.601, 0.731), (0.2291, 0.199), (0.251, 0.251), (0.719, 0.459), (0.723311186376242, 0.3735876230427584), (0.6391, 0.7788), (0.6484412154698643, 0.9134355115644294), (0.459, 0.481), (0.7390489694037663, 0.4386006729808941), (0.6959704849020437, 0.5696795140821711), (0.539, 0.669), (0.6949000000000001, 0.365), (0.589, 0.309), (0.10510000000000001, 0.14500000000000002), (0.635, 0.805), (0.3941, 0.5138), (0.6291, 0.7689), (0.5811999999999999, 0.341), (0.7234183306524234, 0.44324022836513055), (0.129, 0.151), (0.6905785521443976, 0.5681546028003879), (0.750973359926217, 0.41393238046867686), (0.6112980459201014, 0.7670027311376292), (0.23900000000000002, 0.219)]%

--------------RUN2--------------
Execution time: 1240.06 seconds
MST cost: 3.7846
Result fitness: 2.8742
Improvement over MST: 27.35%
Result: [(0.6571047236712468, 0.8997667508309367), (0.38347118723280826, 0.5084512624011072), (0.5351, 0.6651), (0.7293646422116941, 0.4457560096054289), (0.589, 0.34900000000000003), (0.325, 0.5750000000000001), (0.750973359926217, 0.4137323804686769), (0.631, 0.7991), (0.6101, 0.7599), (0.6205406695545717, 0.7676869169831533), (0.68646793585732, 0.9132781542723692), (0.3811, 0.5191), (0.265, 0.28500000000000003), (0.125, 0.155), (0.605, 0.735), (0.6949000000000001, 0.3649), (0.23900000000000002, 0.219), (0.4389, 0.491), (0.631, 0.7709), (0.6251183605820367, 0.7663761356998562), (0.6908704849020437, 0.5645795140821711), (0.221, 0.191), (0.459, 0.481)]%

--------------RUN3--------------
Execution time: 1202.20 seconds
MST cost: 3.7846
Result fitness: 2.8845
Improvement over MST: 26.99%
Result: [(0.7239492048792557, 0.444541745819752), (0.6544075446310746, 0.908674309332403), (0.635, 0.775), (0.639, 0.809), (0.259, 0.2589), (0.719, 0.4641), (0.7508733599262171, 0.4136323804686769), (0.225, 0.195), (0.6018621359190524, 0.30520462340587445), (0.10120000000000001, 0.14080000000000004), (0.7089, 0.5742), (0.5851999999999999, 0.34490000000000004), (0.2292, 0.19890000000000002), (0.3897293958884821, 0.5060124791476064), (0.6690699113565889, 0.9128967680660746), (0.539, 0.669), (0.4651, 0.4749), (0.605, 0.735), (0.6222990182409331, 0.7627209208363012), (0.6920930559330477, 0.5694285463895101), (0.6950000000000001, 0.365), (0.6061, 0.7456), (0.129, 0.151), (0.26890000000000003, 0.28090000000000004)]%

--------------RUN4--------------
Execution time: 1203.45 seconds
MST cost: 3.7846
Result fitness: 2.8711
Improvement over MST: 27.45%
Result: [(0.261, 0.281), (0.7582827245038248, 0.40960929549405084), (0.635, 0.775), (0.6089, 0.7389), (0.6091, 0.7609), (0.225, 0.195), (0.629, 0.769), (0.674229027804822, 0.9162442890123725), (0.3881538979147135, 0.5224936916500719), (0.381, 0.519), (0.329, 0.5710000000000001), (0.721, 0.459), (0.7247953955988375, 0.44478728515951893), (0.2391, 0.21919999999999998), (0.635, 0.805), (0.1211, 0.151), (0.589, 0.3089), (0.6538491450122528, 0.9102346451612091), (0.6908704849020437, 0.5645795140821711), (0.535, 0.665), (0.5811, 0.34080000000000005)]%

--------------RUN5--------------
Execution time: 1344.61 seconds
MST cost: 3.7846
Result fitness: 2.8632
Improvement over MST: 27.72%
Result: [(0.3821435347832194, 0.5156864105843468), (0.3811, 0.5189), (0.1291, 0.151), (0.269, 0.281), (0.688164722446672, 0.5808196245447202), (0.601, 0.731), (0.6008, 0.7312), (0.6889, 0.5811000000000001), (0.251, 0.251), (0.325, 0.5750000000000001), (0.727146936253896, 0.4470526321141884), (0.629, 0.769), (0.3849, 0.5151), (0.101, 0.14100000000000001), (0.2251, 0.1951), (0.5811, 0.341), (0.7251, 0.4549), (0.750973359926217, 0.4136323804686769), (0.539, 0.669), (0.6309, 0.7709), (0.635, 0.805), (0.609, 0.251), (0.6950000000000001, 0.365), (0.6560936617515745, 0.9035262297605917), (0.2391, 0.2191), (0.459, 0.481)]%

--------------RUN6--------------
Execution time: 1168.47 seconds
MST cost: 3.7846
Result fitness: 2.8610
Improvement over MST: 27.80%
Result: [(0.7260874959281355, 0.4450904581521503), (0.261, 0.281), (0.4389, 0.4909), (0.601, 0.731), (0.121, 0.151), (0.589, 0.34900000000000003), (0.6949000000000001, 0.3651), (0.629, 0.769), (0.7508733599262171, 0.4136323804686769), (0.6700903586612851, 0.886889994804399), (0.6731347192556285, 0.9126580898937781), (0.7031127036141059, 0.5235195188261581), (0.2394973755981356, 0.21851883267424144), (0.7207, 0.5407000000000001), (0.5391, 0.6691), (0.329, 0.5710000000000001), (0.631, 0.771), (0.229, 0.199), (0.385, 0.515)]%

--------------RUN7--------------
Execution time: 1360.94 seconds
MST cost: 3.7846
Result fitness: 2.8483
Improvement over MST: 28.23%
Result: [(0.6200458560088158, 0.7696770679896086), (0.35853160576877074, 0.5416192473294198), (0.429, 0.489), (0.37412340815099143, 0.5050713815719746), (0.269, 0.281), (0.601, 0.731), (0.6398935727583033, 0.911775347319014), (0.251, 0.251), (0.6338, 0.7642), (0.6416482744167755, 0.9183177858362332), (0.325, 0.5750000000000001), (0.3707452442169103, 0.5361244775280917), (0.10900000000000001, 0.14900000000000002), (0.721, 0.541), (0.539, 0.669), (0.7262019047690861, 0.44513098289662384), (0.6091, 0.7611), (0.5967683245540237, 0.3511997233914381), (0.6950000000000001, 0.365), (0.7040019681143892, 0.5237543517159166), (0.129, 0.151), (0.7508733599262171, 0.4138323804686769), (0.221, 0.191), (0.23900000000000002, 0.219)]%

--------------RUN8--------------
Execution time: 1202.27 seconds
MST cost: 3.7846
Result fitness: 2.8502
Improvement over MST: 28.17%
Result: [(0.7246690763220036, 0.44454760591583753), (0.601, 0.731), (0.251, 0.251), (0.589, 0.34900000000000003), (0.601, 0.739), (0.6289, 0.7689), (0.325, 0.5750000000000001), (0.750973359926217, 0.4137323804686769), (0.381, 0.511), (0.459, 0.481), (0.7057256012896456, 0.5244161529604426), (0.7209, 0.5409), (0.539, 0.669), (0.2649, 0.28490000000000004), (0.721, 0.459), (0.631, 0.771), (0.3649, 0.5351), (0.1211, 0.151), (0.6311, 0.7909), (0.655617861498088, 0.9050542882577667), (0.221, 0.191), (0.23900000000000002, 0.219), (0.6203694104237641, 0.7692873412771857)]%

--------------RUN9--------------
Execution time: 1267.45 seconds
MST cost: 3.7846
Result fitness: 2.9251
Improvement over MST: 25.62%
Result: [(0.39019349906431877, 0.5102524428207794), (0.269, 0.281), (0.3891, 0.5192), (0.5887, 0.3089), (0.23949999999999996, 0.21860000000000004), (0.6561936617515745, 0.9034262297605917), (0.5851999999999999, 0.34500000000000003), (0.7243558432078366, 0.44470680172818083), (0.6251, 0.7649), (0.121, 0.1509), (0.721, 0.541), (0.6252, 0.6698000000000001), (0.6173107651328935, 0.6453679575331849), (0.631, 0.771), (0.7058128033781075, 0.524482457957234), (0.635, 0.805), (0.7244470995206784, 0.444350657994308), (0.275, 0.295), (0.6013, 0.7391), (0.251, 0.2511), (0.7508733599262171, 0.4138323804686769), (0.221, 0.191), (0.459, 0.481), (0.6218443282323557, 0.7654418522175763)]%

--------------RUN10--------------
Execution time: 1117.27 seconds
MST cost: 3.7846
Result fitness: 2.9399
Improvement over MST: 25.12%
Result: [(0.6209, 0.7688), (0.1209, 0.15080000000000002), (0.6287, 0.7609), (0.47870000000000007, 0.4889), (0.7544219999528002, 0.5027909613834869), (0.6516902228652623, 0.915514985189907), (0.5849, 0.5548000000000001), (0.5892999999999999, 0.34890000000000004), (0.23929999999999998, 0.21919999999999998), (0.3950595204186575, 0.5160296183031026), (0.7301478486645101, 0.4461111586847042), (0.6417619879117636, 0.5942617680214676), (0.6011, 0.7388), (0.26080000000000003, 0.281), (0.5148852869776822, 0.48173094028804236), (0.221, 0.191), (0.4391, 0.4989), (0.7508733599262171, 0.4138323804686769)]%

--------------AVERAGE--------------
Execution time: 1232.66 seconds
Result cost: 2.8800
Improvement over MST: 27.15%

