--------------RUN1--------------
Execution time: 1001.87 seconds
MST cost: 3.7846
Result fitness: 2.9323
Improvement over MST: 25.38%
Result: [(0.10900000000000001, 0.14900000000000002), (0.6553595241444895, 0.9058573331727279), (0.6015603754341147, 0.738980459665795), (0.6222985304878375, 0.7675083476652041), (0.6117739814551642, 0.2582849745416762), (0.2792, 0.2989), (0.39914297090399786, 0.5124011275450924), (0.750973359926217, 0.4138323804686769), (0.225, 0.195), (0.629, 0.769), (0.6907704849020437, 0.5646795140821711), (0.4791, 0.4891), (0.3946864929502719, 0.5142499461972878), (0.7291855635896768, 0.44574474486000476), (0.6309, 0.7909), (0.6309, 0.7709), (0.6043, 0.34900000000000003)]%

--------------RUN2--------------
Execution time: 1080.15 seconds
MST cost: 3.7846
Result fitness: 2.8679
Improvement over MST: 27.56%
Result: [(0.6205551627675456, 0.7689062822402625), (0.5391, 0.6691), (0.45890000000000003, 0.481), (0.3289, 0.5711), (0.261, 0.281), (0.23939895044911844, 0.21835536460371038), (0.6026134560430236, 0.7388196658760591), (0.7290751030478876, 0.44583640169351485), (0.601, 0.731), (0.121, 0.151), (0.5891, 0.34900000000000003), (0.7508733599262171, 0.4136323804686769), (0.639, 0.771), (0.655596061388542, 0.9051227491768493), (0.639, 0.809), (0.6908704849020437, 0.5645795140821711), (0.381, 0.519), (0.221, 0.191)]%

--------------RUN3--------------
Execution time: 1268.29 seconds
MST cost: 3.7846
Result fitness: 2.8725
Improvement over MST: 27.40%
Result: [(0.702803573299089, 0.5233706134092101), (0.429, 0.489), (0.261, 0.281), (0.451, 0.481), (0.7271301327934133, 0.4454111830681013), (0.5351, 0.6651), (0.3892, 0.5061), (0.121, 0.151), (0.221, 0.19090000000000001), (0.6105083196290033, 0.7603621706637116), (0.750973359926217, 0.4137323804686769), (0.5891, 0.34900000000000003), (0.631, 0.809), (0.721, 0.541), (0.6517902228652623, 0.915514985189907), (0.605, 0.735), (0.631, 0.771), (0.6202247648330234, 0.7672585611171052), (0.625, 0.765), (0.23900000000000002, 0.219)]%

--------------RUN4--------------
Execution time: 1458.03 seconds
MST cost: 3.7846
Result fitness: 2.9035
Improvement over MST: 26.35%
Result: [(0.2209, 0.19090000000000001), (0.2552, 0.2551), (0.7428302762823813, 0.5182503443582498), (0.489, 0.551), (0.648880926948481, 0.9045945501551759), (0.5977265446222226, 0.35460873644309454), (0.7357956453463963, 0.4442136805121973), (0.5941, 0.34400000000000003), (0.750973359926217, 0.4137323804686769), (0.26880000000000004, 0.2811), (0.3289, 0.5709000000000001), (0.6012, 0.7391), (0.6212144348464872, 0.7672345746363415), (0.6273319398937958, 0.5909196643536808), (0.5151, 0.495), (0.2581903312163119, 0.24845978192763957), (0.6950000000000001, 0.365), (0.6515070423978188, 0.915560494023918), (0.3608403776994108, 0.539567436666161), (0.4994103652931087, 0.5413309281852459), (0.4991, 0.5311), (0.10500000000000001, 0.1451), (0.635, 0.795), (0.129, 0.151), (0.6362, 0.766), (0.5112, 0.5093)]%

--------------RUN5--------------
Execution time: 1228.64 seconds
MST cost: 3.7846
Result fitness: 2.8684
Improvement over MST: 27.54%
Result: [(0.45890000000000003, 0.4809), (0.589, 0.34900000000000003), (0.7264108473962598, 0.4452337289056103), (0.6204998180194864, 0.7691082538120263), (0.389, 0.511), (0.389, 0.519), (0.750973359926217, 0.4137323804686769), (0.629, 0.769), (0.101, 0.14100000000000001), (0.2591, 0.259), (0.6950000000000001, 0.5801000000000001), (0.539, 0.669), (0.631, 0.799), (0.329, 0.5710000000000001), (0.125, 0.155), (0.6889930114578077, 0.5779863202046709), (0.631, 0.771), (0.605, 0.735), (0.3940929937586898, 0.5100105108458527), (0.6950000000000001, 0.365), (0.229, 0.199), (0.602732123785263, 0.7390185030534101), (0.7249, 0.455), (0.6529163365466216, 0.9128114290828597), (0.275, 0.295)]%

--------------RUN6--------------
Execution time: 1250.29 seconds
MST cost: 3.7846
Result fitness: 2.8460
Improvement over MST: 28.31%
Result: [(0.1211, 0.1509), (0.6908715234731041, 0.564525821213926), (0.5901, 0.34500000000000003), (0.259, 0.259), (0.7291855635896768, 0.4457447448600047), (0.6009, 0.7309), (0.5441, 0.6741), (0.459, 0.4809), (0.3734213698001443, 0.5035851057643126), (0.6467902228652623, 0.915514985189907), (0.629, 0.769), (0.225, 0.195), (0.35863160576877073, 0.5415192473294198), (0.329, 0.5710000000000001), (0.3712075157370185, 0.5353809240490804), (0.609, 0.761), (0.631, 0.771), (0.7458733599262171, 0.4086323804686769), (0.6950000000000001, 0.365), (0.275, 0.295), (0.23900000000000002, 0.219)]%

--------------RUN7--------------
Execution time: 1296.04 seconds
MST cost: 3.7846
Result fitness: 2.8782
Improvement over MST: 27.21%
Result: [(0.6134043510769596, 0.7685558345755752), (0.601, 0.731), (0.251, 0.251), (0.7508733599262171, 0.4137323804686769), (0.45880000000000004, 0.48109999999999997), (0.6881071345727899, 0.5809981582057264), (0.1211, 0.15080000000000002), (0.629, 0.761), (0.688224926853494, 0.5810432134466467), (0.381, 0.519), (0.6481261860830467, 0.916646379205275), (0.38297613361163013, 0.5097388593891995), (0.329, 0.5710000000000001), (0.265, 0.28500000000000003), (0.4391, 0.4909), (0.6950000000000001, 0.365), (0.585, 0.34500000000000003), (0.2209, 0.191), (0.23900000000000002, 0.211), (0.5888, 0.3091), (0.7290855635896768, 0.44574474486000476), (0.535, 0.665)]%

--------------RUN8--------------
Execution time: 1282.61 seconds
MST cost: 3.7846
Result fitness: 2.9394
Improvement over MST: 25.14%
Result: [(0.5892, 0.34880000000000005), (0.7247084934949516, 0.4444375203195044), (0.6690183703075628, 0.4963053948364992), (0.6906435960911461, 0.5686506278508157), (0.6713976672356309, 0.4970303941140465), (0.6138826901390323, 0.7684094480607935), (0.6109, 0.4809), (0.6061101475883925, 0.7325882361901462), (0.2591, 0.259), (0.7613733120941777, 0.5873221836994619), (0.69087976671683, 0.568725294580317), (0.750973359926217, 0.4136323804686769), (0.615, 0.48460000000000003), (0.121, 0.15080000000000002), (0.6386725817968223, 0.7687758064618841), (0.715, 0.455), (0.229, 0.199), (0.635, 0.795), (0.269, 0.2811), (0.531, 0.6689), (0.5690000000000001, 0.459), (0.6517902228652623, 0.9153149851899071), (0.6950000000000001, 0.3649)]%

--------------RUN9--------------
Execution time: 1344.02 seconds
MST cost: 3.7846
Result fitness: 2.8665
Improvement over MST: 27.61%
Result: [(0.429, 0.489), (0.2394411636263299, 0.21834876370686526), (0.269, 0.281), (0.6518902228652623, 0.915414985189907), (0.7291855635896768, 0.4457447448600047), (0.251, 0.251), (0.5935616487091474, 0.34802318885869066), (0.6289, 0.7689), (0.6905463373208374, 0.5696190600448356), (0.750973359926217, 0.4137323804686769), (0.225, 0.195), (0.10490000000000001, 0.14490000000000003), (0.6037789635013666, 0.7493261609061023), (0.539, 0.669), (0.605, 0.735), (0.631, 0.771), (0.635, 0.805), (0.6950000000000001, 0.365), (0.6907704849020437, 0.5696795140821711), (0.129, 0.151), (0.39171427604329834, 0.5063170392214668), (0.4509, 0.4809)]%

--------------RUN10--------------
Execution time: 1151.90 seconds
MST cost: 3.7846
Result fitness: 2.8989
Improvement over MST: 26.50%
Result: [(0.2209, 0.19090000000000001), (0.725, 0.455), (0.54338505301409, 0.6398111692982159), (0.489, 0.551), (0.601, 0.731), (0.121, 0.151), (0.515, 0.505), (0.6908704849020437, 0.5946795140821711), (0.7266472781663547, 0.4455570894095323), (0.6140510044346933, 0.7684352175220234), (0.255, 0.255), (0.635, 0.805), (0.6512357600421605, 0.9093906755404952), (0.63019250420664, 0.7615232266451382), (0.48437522047870063, 0.5864156358272394), (0.499, 0.531), (0.750973359926217, 0.4035323804686769), (0.594198779839064, 0.35559656867329104), (0.535, 0.665), (0.23900000000000002, 0.219), (0.26890000000000003, 0.28090000000000004)]%

--------------AVERAGE--------------
Execution time: 1236.19 seconds
Result cost: 2.8874
Improvement over MST: 26.90%

