--------------RUN1--------------
Execution time: 1021.54 seconds
MST cost: 3.7846
Result fitness: 2.9287
Improvement over MST: 25.50%
Result: [(0.10510000000000001, 0.14500000000000002), (0.7245284547690886, 0.4445506657132573), (0.6344595778323919, 0.8052028976605505), (0.2292, 0.199), (0.5440999999999999, 0.644), (0.6131526997060065, 0.7795888704192513), (0.431, 0.491), (0.7507733599262171, 0.4086323804686769), (0.5936, 0.34390000000000004), (0.259, 0.259), (0.6808704849020437, 0.5744795140821711), (0.3839, 0.5009), (0.40094666297688175, 0.5991306954065171), (0.6515902228652624, 0.915414985189907)]%

--------------RUN2--------------
Execution time: 1118.64 seconds
MST cost: 3.7846
Result fitness: 2.9357
Improvement over MST: 25.26%
Result: [(0.7254463442082171, 0.43516230331278294), (0.10920000000000002, 0.14900000000000002), (0.23890000000000003, 0.21109999999999998), (0.62, 0.6749), (0.6858704849020437, 0.5695795140821711), (0.629, 0.7689), (0.6089, 0.2511), (0.381, 0.511), (0.6539339918384899, 0.9100015401387674), (0.6349, 0.7749), (0.2609, 0.2811), (0.7019230050953842, 0.3695302355227228), (0.2251, 0.19490000000000002), (0.3625842704596376, 0.5409181403849341), (0.5809, 0.34090000000000004), (0.6017698682520286, 0.7388340199800927), (0.3292, 0.5709000000000001)]%

--------------RUN3--------------
Execution time: 579.08 seconds
MST cost: 3.7846
Result fitness: 2.8880
Improvement over MST: 26.87%
Result: [(0.10900000000000001, 0.14900000000000002), (0.435, 0.495), (0.585, 0.34500000000000003), (0.639, 0.779), (0.229, 0.199), (0.229, 0.199), (0.7208, 0.459), (0.23600000000000002, 0.20860000000000004), (0.6619738932056598, 0.9136984169671204), (0.750973359926217, 0.4137323804686769), (0.601, 0.731), (0.629, 0.769), (0.6614989780552009, 0.8736107828547288), (0.5361, 0.6639), (0.6908704849020437, 0.5645795140821711), (0.381, 0.519), (0.321, 0.5790000000000001)]%

--------------RUN4--------------
Execution time: 741.57 seconds
MST cost: 3.7846
Result fitness: 2.8876
Improvement over MST: 26.89%
Result: [(0.585, 0.34490000000000004), (0.6079526997060065, 0.7743888704192513), (0.221, 0.1911), (0.7211595251711653, 0.4416547769295286), (0.721, 0.459), (0.5639137935682602, 0.6743575265546561), (0.6807704849020437, 0.5746795140821711), (0.325, 0.5750000000000001), (0.6519902228652623, 0.915514985189907), (0.7389961642866177, 0.43853455515364753), (0.38070000000000004, 0.5192), (0.601, 0.7309), (0.6305004844966012, 0.7990659534226136), (0.1009, 0.14890000000000003), (0.5657, 0.6958), (0.6132079188151696, 0.7686518771597179), (0.7508733599262171, 0.4137323804686769), (0.2391, 0.2191)]%

--------------RUN5--------------
Execution time: 1256.79 seconds
MST cost: 3.7846
Result fitness: 2.8497
Improvement over MST: 28.18%
Result: [(0.1249, 0.1549), (0.7263675863696369, 0.44518728672088265), (0.451, 0.481), (0.5999, 0.7299), (0.5942, 0.34890000000000004), (0.251, 0.251), (0.750973359926217, 0.4137323804686769), (0.225, 0.195), (0.639, 0.771), (0.36253594843239173, 0.5411350719774176), (0.101, 0.14100000000000001), (0.539, 0.669), (0.329, 0.5710000000000001), (0.7029540840341868, 0.523525379209941), (0.37552604207634654, 0.5369011616100173), (0.621, 0.769), (0.3811, 0.511), (0.6477854184376602, 0.9143810518158482), (0.725, 0.545), (0.23900000000000002, 0.219)]%

--------------RUN6--------------
Execution time: 730.61 seconds
MST cost: 3.7846
Result fitness: 2.9602
Improvement over MST: 24.44%
Result: [(0.515, 0.495), (0.6051, 0.7298), (0.4891, 0.5509000000000001), (0.639, 0.779), (0.2551, 0.24980000000000002), (0.10500000000000001, 0.14500000000000002), (0.729, 0.459), (0.6908704849020437, 0.5645795140821711), (0.2291, 0.199), (0.629, 0.769), (0.681, 0.851), (0.5891, 0.3491), (0.7508733599262171, 0.4137323804686769), (0.6140555832144148, 0.7684823598426536), (0.5222184868598752, 0.5404675466165065), (0.7389990192523445, 0.438533009235446), (0.7055619707290399, 0.9166404206143374)]%

--------------RUN7--------------
Execution time: 1182.86 seconds
MST cost: 3.7846
Result fitness: 2.8739
Improvement over MST: 27.36%
Result: [(0.23939895044911844, 0.21835536460371038), (0.609, 0.739), (0.1209, 0.15109999999999998), (0.7262538712687601, 0.45098353959943516), (0.6089, 0.764), (0.3699, 0.5301), (0.581, 0.341), (0.225, 0.195), (0.7508733599262171, 0.4136323804686769), (0.629, 0.769), (0.38844322200697823, 0.5378550734057452), (0.6517902228652623, 0.915514985189907), (0.639, 0.779), (0.539, 0.669), (0.329, 0.5710000000000001), (0.265, 0.28500000000000003), (0.5889, 0.3089), (0.6949000000000001, 0.3649), (0.6908704849020437, 0.5645795140821711)]%

--------------RUN8--------------
Execution time: 1046.86 seconds
MST cost: 3.7846
Result fitness: 2.9214
Improvement over MST: 25.74%
Result: [(0.7158931449741764, 0.523731066048702), (0.639, 0.779), (0.7543355286998172, 0.5028780672775183), (0.47900000000000004, 0.489), (0.5961, 0.34600000000000003), (0.7390230966277819, 0.4385681532500548), (0.7508733599262171, 0.4137323804686769), (0.2592, 0.2589), (0.2301, 0.2001), (0.629, 0.769), (0.1213, 0.15080000000000002), (0.3891, 0.5109), (0.603229314315221, 0.7418196637126848), (0.38033857459983916, 0.5602880280085857), (0.3823855536036568, 0.5604916577854672), (0.637565506584272, 0.9171528460056347)]%

--------------RUN9--------------
Execution time: 1145.50 seconds
MST cost: 3.7846
Result fitness: 2.9119
Improvement over MST: 26.06%
Result: [(0.499, 0.539), (0.5892, 0.309), (0.3289, 0.5710000000000001), (0.36271222666670744, 0.5410892563600836), (0.7268511223882617, 0.4944797707200791), (0.7390230966277819, 0.4385681532500548), (0.6291, 0.7691), (0.750973359926217, 0.4137323804686769), (0.515, 0.495), (0.639, 0.779), (0.6517902228652623, 0.9155149851899071), (0.129, 0.15109999999999998), (0.101, 0.14090000000000003), (0.23949999999999996, 0.21880000000000002), (0.585, 0.34500000000000003), (0.7402, 0.5001), (0.6017128580764102, 0.7386466122868783), (0.6465383733979797, 0.5947117756148734), (0.6951, 0.3651), (0.221, 0.191)]%

--------------RUN10--------------
Execution time: 1126.85 seconds
MST cost: 3.7846
Result fitness: 2.8863
Improvement over MST: 26.93%
Result: [(0.3893091528689544, 0.5062051118169231), (0.609, 0.251), (0.7263595251711653, 0.4565547769295286), (0.6415902228652623, 0.910314985189907), (0.539, 0.669), (0.1211, 0.1509), (0.581, 0.341), (0.6433857054789086, 0.9177333040925253), (0.225, 0.195), (0.259, 0.259), (0.7508733599262171, 0.4136323804686769), (0.6907704849020437, 0.5646795140821711), (0.4601, 0.4799), (0.609, 0.761), (0.6293, 0.7692), (0.631, 0.771), (0.6049, 0.7349), (0.7275879360556732, 0.44549693953868846)]%

--------------AVERAGE--------------
Execution time: 995.03 seconds
Result cost: 2.9043
Improvement over MST: 26.32%

