--------------RUN1--------------
Execution time: 1015.30 seconds
MST cost: 3.7846
Result fitness: 2.8691
Improvement over MST: 27.52%
Result: [(0.669359206188086, 0.9106910904501095), (0.7242, 0.4561), (0.629, 0.7662), (0.2352, 0.2051), (0.7260960896495976, 0.44511703551470566), (0.5999, 0.7299), (0.539, 0.669), (0.6905704849020438, 0.5749795140821711), (0.389, 0.5062), (0.265, 0.28500000000000003), (0.666357283072299, 0.8829534821830622), (0.6002, 0.3501), (0.251, 0.251), (0.096, 0.1462), (0.6089, 0.2591), (0.7508733599262171, 0.4138323804686769)]%

--------------RUN2--------------
Execution time: 1219.96 seconds
MST cost: 3.7846
Result fitness: 2.8591
Improvement over MST: 27.86%
Result: [(0.725, 0.455), (0.726720336102643, 0.4450169419621543), (0.261, 0.281), (0.121, 0.151), (0.6218526276224952, 0.7655912949170353), (0.601, 0.739), (0.6011, 0.7311), (0.22380000000000003, 0.19380000000000003), (0.5902, 0.3451), (0.7558733599262171, 0.4085323804686769), (0.6550017903736034, 0.9069409641031834), (0.631, 0.791), (0.381, 0.519), (0.6959704849020437, 0.5696795140821711), (0.539, 0.669), (0.631, 0.771), (0.3884583530705815, 0.5227610624735355), (0.3251, 0.5749000000000001), (0.6906733112004846, 0.5683160502670551), (0.2392, 0.21919999999999998)]%

--------------RUN3--------------
Execution time: 1331.11 seconds
MST cost: 3.7846
Result fitness: 2.8587
Improvement over MST: 27.87%
Result: [(0.269, 0.281), (0.6070208860456318, 0.7567350850042852), (0.7045180700765904, 0.5238501784742687), (0.251, 0.251), (0.750973359926217, 0.4137323804686769), (0.629, 0.769), (0.6018621359190524, 0.30520462340587445), (0.3829965230663236, 0.5091501738773638), (0.381, 0.519), (0.6517902228652623, 0.915514985189907), (0.1209, 0.1509), (0.329, 0.5710000000000001), (0.455, 0.485), (0.605, 0.735), (0.631, 0.771), (0.7239244932008385, 0.44404594487233445), (0.635, 0.805), (0.6950000000000001, 0.365), (0.585, 0.34500000000000003), (0.275, 0.295), (0.725, 0.545), (0.535, 0.665), (0.221, 0.191), (0.23900000000000002, 0.219)]%

--------------RUN4--------------
Execution time: 1213.42 seconds
MST cost: 3.7846
Result fitness: 2.8753
Improvement over MST: 27.31%
Result: [(0.36964455079297925, 0.5352918375036213), (0.7249, 0.4549), (0.451, 0.481), (0.5942999999999999, 0.34900000000000003), (0.3725145398510244, 0.5064607233346219), (0.6009, 0.7309), (0.421, 0.489), (0.750973359926217, 0.4137323804686769), (0.360780941590966, 0.5393003838602615), (0.225, 0.195), (0.539, 0.669), (0.329, 0.5710000000000001), (0.634398236587436, 0.8051147492498961), (0.61333273600269, 0.768635229025033), (0.6950000000000001, 0.365), (0.7264118267332382, 0.44515936680209567), (0.6564896884685352, 0.914556069570833), (0.6080526997060065, 0.7745888704192513), (0.2908, 0.31880000000000003), (0.6908704849020437, 0.5645795140821711), (0.1212, 0.15080000000000002)]%

--------------RUN5--------------
Execution time: 999.75 seconds
MST cost: 3.7846
Result fitness: 2.8849
Improvement over MST: 26.98%
Result: [(0.5383769283215392, 0.6506316423168248), (0.471862028280845, 0.5881133269432848), (0.63, 0.7698), (0.631, 0.8009000000000001), (0.5942999999999999, 0.34890000000000004), (0.519, 0.491), (0.6516902228652623, 0.915514985189907), (0.7357904650085612, 0.4442166849098439), (0.7508733599262171, 0.4086323804686769), (0.225, 0.195), (0.602256258224184, 0.7399716439458189), (0.2391, 0.219), (0.7530059733925696, 0.5082484553915338), (0.535, 0.665), (0.1212, 0.15080000000000002), (0.6049, 0.7349)]%

--------------RUN6--------------
Execution time: 1173.20 seconds
MST cost: 3.7846
Result fitness: 2.8792
Improvement over MST: 27.17%
Result: [(0.7207, 0.459), (0.1009, 0.14090000000000003), (0.6311, 0.7709), (0.3892, 0.5189), (0.5999, 0.7298), (0.269, 0.28090000000000004), (0.2392, 0.219), (0.6183651752130104, 0.7635676435109529), (0.6471962235695287, 0.9025099219694788), (0.621, 0.761), (0.5349, 0.6651), (0.631, 0.799), (0.6089, 0.7609), (0.6502294210452223, 0.9159043546577967), (0.7245505356526794, 0.4444525418858819), (0.751073359926217, 0.4136323804686769), (0.5941, 0.3541), (0.6757708954801307, 0.5796585995122444), (0.221, 0.191), (0.459, 0.481), (0.1291, 0.15149999999999994)]%

--------------RUN7--------------
Execution time: 1058.88 seconds
MST cost: 3.7846
Result fitness: 2.9240
Improvement over MST: 25.66%
Result: [(0.750973359926217, 0.3986323804686769), (0.6011, 0.7389), (0.721, 0.541), (0.10120000000000001, 0.1412), (0.229, 0.199), (0.72828244708704, 0.4464786935229493), (0.329, 0.5710000000000001), (0.7161931449741764, 0.524031066048702), (0.6569082848133687, 0.9007413669565453), (0.635, 0.775), (0.629, 0.7689), (0.635, 0.795), (0.515, 0.505), (0.2592, 0.259), (0.5222184868598753, 0.5404675466165065), (0.6203357926860408, 0.7693430345090269), (0.589, 0.34900000000000003), (0.381, 0.519)]%

--------------RUN8--------------
Execution time: 1109.96 seconds
MST cost: 3.7846
Result fitness: 2.9033
Improvement over MST: 26.36%
Result: [(0.261, 0.281), (0.7388703258692153, 0.438702561409406), (0.633200613895483, 0.8037986796269402), (0.389, 0.519), (0.6512677855888099, 0.9037389529246513), (0.6910704849020437, 0.5646795140821711), (0.589, 0.30619999999999997), (0.5811, 0.341), (0.5309, 0.6609), (0.329, 0.5710000000000001), (0.7508733599262171, 0.4135323804686769), (0.721, 0.459), (0.605, 0.735), (0.7236031008316895, 0.4434044955394826), (0.6950000000000001, 0.365), (0.1199, 0.1499), (0.6076999065403761, 0.7746179883017122), (0.6130442882368575, 0.768582015296455), (0.2251, 0.19490000000000002), (0.2391, 0.2191)]%

--------------RUN9--------------
Execution time: 1065.67 seconds
MST cost: 3.7846
Result fitness: 2.9251
Improvement over MST: 25.62%
Result: [(0.725, 0.455), (0.6908781275783169, 0.5645751971161677), (0.7269706352096554, 0.44651852154759347), (0.47900000000000004, 0.489), (0.229, 0.199), (0.631, 0.801), (0.6516902228652623, 0.915514985189907), (0.329, 0.5710000000000001), (0.629, 0.7689), (0.5891, 0.34890000000000004), (0.6311, 0.771), (0.620453029372566, 0.7691576857184581), (0.121, 0.151), (0.2592, 0.2591), (0.756073359926217, 0.4086323804686769), (0.381, 0.519), (0.6017700149071997, 0.7388342894331601), (0.38267951397874544, 0.513513172306789)]%

--------------RUN10--------------
Execution time: 1160.67 seconds
MST cost: 3.7846
Result fitness: 2.8649
Improvement over MST: 27.66%
Result: [(0.64, 0.7751), (0.451, 0.481), (0.5891, 0.3491), (0.23929999999999998, 0.21880000000000002), (0.381, 0.5191), (0.6293, 0.7694), (0.1209, 0.151), (0.266, 0.2861), (0.539, 0.669), (0.321, 0.5791000000000001), (0.6636734019928117, 0.9036894218277454), (0.6089, 0.759), (0.605, 0.735), (0.7209, 0.5408000000000001), (0.7029606842281171, 0.5265536667033537), (0.3829892939382639, 0.5069762226240078), (0.7262311895853458, 0.44652000583531853), (0.751073359926217, 0.4188323804686769), (0.221, 0.191)]%

--------------AVERAGE--------------
Execution time: 1134.79 seconds
Result cost: 2.8844
Improvement over MST: 27.00%

