--------------RUN1--------------
Execution time: 1046.23 seconds
MST cost: 3.7846
Result fitness: 2.8665
Improvement over MST: 27.61%
Result: [(0.725, 0.455), (0.635, 0.775), (0.1048, 0.1452), (0.601, 0.731), (0.3861969733476966, 0.5211516064482562), (0.601, 0.739), (0.6291, 0.7691), (0.389, 0.519), (0.381, 0.519), (0.5641786889452833, 0.6905799131191398), (0.2251, 0.1951), (0.5811, 0.341), (0.329, 0.5710000000000001), (0.756073359926217, 0.4086323804686769), (0.609, 0.251), (0.7242541181941825, 0.4442423934540764), (0.5627062496060962, 0.6747676060358282), (0.6467688671956662, 0.9142341129598175), (0.6908704849020437, 0.5645795140821711), (0.23900000000000002, 0.219)]%

--------------RUN2--------------
Execution time: 1094.20 seconds
MST cost: 3.7846
Result fitness: 2.9229
Improvement over MST: 25.69%
Result: [(0.499, 0.5391), (0.6907672105903646, 0.5648341397251776), (0.5112, 0.5088), (0.48109999999999997, 0.5505000000000001), (0.271, 0.299), (0.6569169766675984, 0.9113070776763036), (0.221, 0.191), (0.750973359926217, 0.4137323804686769), (0.6330400301828855, 0.769866116949062), (0.6037162580337767, 0.7382749547211643), (0.499, 0.531), (0.121, 0.151), (0.7291855635896768, 0.44564474486000477), (0.631, 0.791), (0.6117739814551642, 0.35328497454167623), (0.2391, 0.2191)]%

--------------RUN3--------------
Execution time: 1287.00 seconds
MST cost: 3.7846
Result fitness: 2.8857
Improvement over MST: 26.95%
Result: [(0.725, 0.455), (0.429, 0.489), (0.10500000000000001, 0.14500000000000002), (0.269, 0.281), (0.601, 0.731), (0.6093999999999999, 0.7608), (0.7019230050953842, 0.3695302355227228), (0.589, 0.34900000000000003), (0.7254477658861039, 0.4354993556221908), (0.6517902228652623, 0.915514985189907), (0.539, 0.669), (0.631, 0.771), (0.2292, 0.19880000000000003), (0.635, 0.805), (0.7254463442082171, 0.43516230331278294), (0.6907704849020437, 0.5644795140821711), (0.3899293958884821, 0.5061124791476064), (0.129, 0.151), (0.7206655367686441, 0.4401624306445182), (0.259, 0.2591), (0.6908704849020437, 0.5645795140821711), (0.625, 0.765)]%

--------------RUN4--------------
Execution time: 1397.79 seconds
MST cost: 3.7846
Result fitness: 2.9039
Improvement over MST: 26.34%
Result: [(0.7155611814075171, 0.537659314333522), (0.6079526997060065, 0.7743888704192513), (0.6124639715634929, 0.7688110567085729), (0.5891, 0.3491), (0.251, 0.251), (0.601, 0.739), (0.23900000000000002, 0.21880000000000002), (0.6343949413382979, 0.8050154921027604), (0.481, 0.559), (0.638906931052811, 0.5999175238624647), (0.5189, 0.4991), (0.35868728936077876, 0.5415557430771571), (0.329, 0.5710000000000001), (0.6517902228652623, 0.9155149851899071), (0.5189, 0.509), (0.101, 0.14090000000000003), (0.3609843521602101, 0.5396840359738156), (0.5221184868598752, 0.5405675466165065), (0.275, 0.295), (0.7245892098846478, 0.4444273151018368), (0.129, 0.151), (0.221, 0.191), (0.7508733599262171, 0.4086323804686769)]%

--------------RUN5--------------
Execution time: 1296.22 seconds
MST cost: 3.7846
Result fitness: 2.8684
Improvement over MST: 27.54%
Result: [(0.585, 0.34490000000000004), (0.7211, 0.459), (0.38625216100675797, 0.5076708332987195), (0.251, 0.251), (0.601, 0.739), (0.431, 0.491), (0.5889, 0.309), (0.6011, 0.731), (0.10900000000000001, 0.14900000000000002), (0.6292, 0.7692), (0.7246503408726302, 0.4444775633983681), (0.620239753215562, 0.7695451527226438), (0.539, 0.669), (0.385, 0.5151), (0.6309, 0.7709), (0.22880000000000003, 0.19880000000000003), (0.2394096418093326, 0.21843736892220925), (0.6478598776508144, 0.9144443700953728), (0.631, 0.779), (0.27480000000000004, 0.2948), (0.751073359926217, 0.4136323804686769), (0.6908704849020437, 0.5645795140821711), (0.3291, 0.5709000000000001)]%

--------------RUN6--------------
Execution time: 1134.34 seconds
MST cost: 3.7846
Result fitness: 2.8799
Improvement over MST: 27.15%
Result: [(0.259, 0.251), (0.6908704849020437, 0.5649795140821711), (0.6218426725862106, 0.7653623329952371), (0.601, 0.731), (0.6389, 0.7791), (0.6251, 0.765), (0.7249696020071631, 0.44508970821059884), (0.2592, 0.2592), (0.601, 0.739), (0.325, 0.5750000000000001), (0.745973359926217, 0.4084323804686769), (0.225, 0.195), (0.101, 0.14100000000000001), (0.586, 0.34380000000000005), (0.7198, 0.4653), (0.389, 0.5189), (0.539, 0.669), (0.1392, 0.159), (0.6706677151685461, 0.8988095325857113), (0.5935859755418109, 0.338060617339685), (0.459, 0.481)]%

--------------RUN7--------------
Execution time: 1088.76 seconds
MST cost: 3.7846
Result fitness: 2.9339
Improvement over MST: 25.32%
Result: [(0.259, 0.251), (0.7559733599262171, 0.4087323804686769), (0.6536728284026678, 0.9108146919771317), (0.121, 0.151), (0.6204893753556312, 0.7690290131643877), (0.6958704849020437, 0.5697795140821711), (0.47870000000000007, 0.48929999999999996), (0.38546243138144237, 0.5129853470419453), (0.629, 0.761), (0.5891, 0.34900000000000003), (0.6906648304109091, 0.5684138595496832), (0.381, 0.519), (0.2591, 0.259), (0.2261, 0.1961), (0.329, 0.5710000000000001), (0.6949000000000001, 0.365), (0.721, 0.459), (0.6008, 0.739), (0.635, 0.805), (0.7246084934949516, 0.44443752031950445)]%

--------------RUN8--------------
Execution time: 1206.97 seconds
MST cost: 3.7846
Result fitness: 2.8683
Improvement over MST: 27.55%
Result: [(0.725, 0.455), (0.269, 0.281), (0.601, 0.731), (0.6477854184376602, 0.9142810518158482), (0.7291855635896768, 0.4457447448600047), (0.439, 0.491), (0.2591, 0.2591), (0.629, 0.769), (0.639, 0.771), (0.589, 0.301), (0.539, 0.669), (0.329, 0.5710000000000001), (0.35862911388225316, 0.5415132004023518), (0.379114401814935, 0.5362169038126815), (0.609, 0.761), (0.6950000000000001, 0.365), (0.585, 0.34500000000000003), (0.229, 0.199), (0.275, 0.295), (0.385, 0.515), (0.6908704849020437, 0.5645795140821711), (0.7508733599262171, 0.4138323804686769), (0.1212, 0.15080000000000002), (0.459, 0.481)]%

--------------RUN9--------------
Execution time: 1299.91 seconds
MST cost: 3.7846
Result fitness: 2.8947
Improvement over MST: 26.65%
Result: [(0.6210678149220572, 0.7678463641985271), (0.2592, 0.25880000000000003), (0.3608362142470153, 0.5395640507073411), (0.121, 0.151), (0.6665128025425541, 0.9132515836593263), (0.5222184868598752, 0.5404675466165065), (0.639, 0.799), (0.7248328024740538, 0.4448329415349749), (0.481, 0.551), (0.6990000000000001, 0.369), (0.721, 0.541), (0.7036997508736758, 0.5236980252857277), (0.5894999999999999, 0.34900000000000003), (0.329, 0.5710000000000001), (0.63, 0.77), (0.7508733599262171, 0.4239323804686769), (0.5189, 0.5009), (0.5189, 0.4909), (0.6017727170736616, 0.7388344483675415), (0.221, 0.191), (0.23900000000000002, 0.219), (0.661357283072299, 0.8779534821830622)]%

--------------RUN10--------------
Execution time: 832.74 seconds
MST cost: 3.7846
Result fitness: 2.9337
Improvement over MST: 25.33%
Result: [(0.515, 0.495), (0.6517902228652623, 0.915514985189907), (0.615634745711952, 0.7840074105490004), (0.261, 0.281), (0.10500000000000001, 0.14500000000000002), (0.6908704849020437, 0.5645795140821711), (0.489, 0.551), (0.221, 0.191), (0.589, 0.309), (0.7244643923248651, 0.44436012355936844), (0.5881945503555875, 0.34493443336234336), (0.6309, 0.801), (0.750973359926217, 0.4086323804686769), (0.721, 0.459), (0.5222184868598752, 0.5404675466165065), (0.601, 0.739), (0.23900000000000002, 0.219), (0.6908704849020437, 0.5645795140821711)]%

--------------AVERAGE--------------
Execution time: 1168.41 seconds
Result cost: 2.8958
Improvement over MST: 26.61%

