--------------RUN1--------------
Execution time: 363.71 seconds
MST cost: 3.0185
Result fitness: 2.2283
Improvement over MST: 30.12%
Result: [(0.761, 0.511), (0.171, 0.521), (0.6950000000000001, 0.485), (0.621, 0.47100000000000003), (0.5710000000000001, 0.431), (0.429, 0.491), (0.16748013865046493, 0.43698098195551777), (0.249, 0.371), (0.41900000000000004, 0.3492), (0.47100000000000003, 0.391), (0.489, 0.399), (0.5008, 0.4192), (0.5790000000000001, 0.439), (0.21182347365672113, 0.5739893625716418), (0.645, 0.495), (0.371, 0.34090000000000004), (0.731, 0.489)]%

--------------RUN2--------------
Execution time: 443.65 seconds
MST cost: 3.0185
Result fitness: 2.2797
Improvement over MST: 27.89%
Result: [(0.6910000000000001, 0.489), (0.489, 0.399), (0.649, 0.491), (0.421, 0.499), (0.441, 0.361), (0.41900000000000004, 0.34900000000000003), (0.6409, 0.4909), (0.171, 0.521), (0.35900000000000004, 0.5710000000000001), (0.625, 0.47500000000000003), (0.5710000000000001, 0.431), (0.241, 0.379), (0.16782528157055773, 0.4374266806046112), (0.731, 0.489), (0.5020009969565356, 0.4178402513992808), (0.3212, 0.3392), (0.501, 0.41900000000000004), (0.41500000000000004, 0.515), (0.421, 0.35100000000000003), (0.47100000000000003, 0.391), (0.761, 0.511)]%

--------------RUN3--------------
Execution time: 403.76 seconds
MST cost: 3.0185
Result fitness: 2.1332
Improvement over MST: 34.37%
Result: [(0.6910000000000001, 0.489), (0.621, 0.47100000000000003), (0.41692204566082536, 0.49308119058367583), (0.17900000000000002, 0.529), (0.649, 0.491), (0.14559015972008083, 0.422634632931678), (0.641, 0.491), (0.441, 0.361), (0.5790000000000001, 0.439), (0.5710000000000001, 0.431), (0.41100000000000003, 0.34900000000000003), (0.241, 0.379), (0.5091, 0.41910000000000003), (0.321, 0.339), (0.485, 0.395), (0.731, 0.489), (0.421, 0.35100000000000003), (0.47100000000000003, 0.391), (0.3002, 0.6502), (0.761, 0.511), (0.501, 0.41100000000000003), (0.485, 0.395), (0.17900000000000002, 0.529)]%

--------------RUN4--------------
Execution time: 452.17 seconds
MST cost: 3.0185
Result fitness: 2.1343
Improvement over MST: 34.32%
Result: [(0.621, 0.47100000000000003), (0.489, 0.399), (0.17900000000000002, 0.529), (0.425, 0.35500000000000004), (0.41900000000000004, 0.34900000000000003), (0.6950000000000001, 0.485), (0.371, 0.34900000000000003), (0.3291, 0.3392), (0.5790000000000001, 0.439), (0.5051, 0.41500000000000004), (0.241, 0.379), (0.2901, 0.6401), (0.14552047804173968, 0.4226109616066481), (0.645, 0.495), (0.731, 0.489), (0.429, 0.491), (0.47100000000000003, 0.391), (0.5091, 0.41900000000000004), (0.5711, 0.431), (0.761, 0.511)]%

--------------RUN5--------------
Execution time: 280.09 seconds
MST cost: 3.0185
Result fitness: 2.2994
Improvement over MST: 27.04%
Result: [(0.505, 0.41500000000000004), (0.41900000000000004, 0.34900000000000003), (0.1460242655782554, 0.4225406957336514), (0.429, 0.491), (0.7292860439446462, 0.49075656503790477), (0.5710000000000001, 0.431), (0.421, 0.35100000000000003), (0.249, 0.371), (0.489, 0.399), (0.47090000000000004, 0.3909), (0.17900000000000002, 0.529), (0.6910000000000001, 0.481), (0.371, 0.341), (0.5790000000000001, 0.439), (0.645, 0.495), (0.4411, 0.3609), (0.761, 0.511), (0.625, 0.47500000000000003)]%

--------------RUN6--------------
Execution time: 431.33 seconds
MST cost: 3.0185
Result fitness: 2.1532
Improvement over MST: 33.46%
Result: [(0.621, 0.47100000000000003), (0.17900000000000002, 0.529), (0.371, 0.341), (0.4409, 0.3609), (0.47500000000000003, 0.395), (0.41900000000000004, 0.34900000000000003), (0.5712, 0.4309), (0.6950000000000001, 0.485), (0.1460242655782554, 0.4226406957336514), (0.4291, 0.4909), (0.24880000000000002, 0.3712), (0.481, 0.39890000000000003), (0.645, 0.495), (0.731, 0.489), (0.5789000000000001, 0.4392), (0.7609, 0.511), (0.501, 0.41900000000000004), (0.25148406438232906, 0.6028478622385308), (0.421, 0.35100000000000003)]%

--------------RUN7--------------
Execution time: 478.90 seconds
MST cost: 3.0185
Result fitness: 2.1216
Improvement over MST: 34.90%
Result: [(0.2851, 0.6351), (0.6910000000000001, 0.489), (0.489, 0.399), (0.17900000000000002, 0.529), (0.649, 0.491), (0.15261497128208748, 0.43359103360487383), (0.41900000000000004, 0.511), (0.421, 0.499), (0.641, 0.491), (0.441, 0.361), (0.41900000000000004, 0.34900000000000003), (0.5790000000000001, 0.431), (0.241, 0.379), (0.731, 0.489), (0.3359, 0.341), (0.7609, 0.511), (0.501, 0.41900000000000004), (0.421, 0.35100000000000003), (0.47100000000000003, 0.391), (0.6209, 0.47090000000000004)]%

--------------RUN8--------------
Execution time: 233.73 seconds
MST cost: 3.0185
Result fitness: 2.1441
Improvement over MST: 33.88%
Result: [(0.7211, 0.479), (0.47500000000000003, 0.395), (0.505, 0.41500000000000004), (0.429, 0.35100000000000003), (0.15610000000000002, 0.43400000000000005), (0.171, 0.521), (0.449, 0.369), (0.429, 0.491), (0.5710000000000001, 0.431), (0.6361, 0.47100000000000003), (0.29910000000000003, 0.6491), (0.321, 0.339), (0.24509999999999998, 0.3751), (0.509, 0.41900000000000004), (0.485, 0.395), (0.761, 0.511), (0.6910000000000001, 0.4889), (0.485, 0.395)]%

--------------RUN9--------------
Execution time: 440.69 seconds
MST cost: 3.0185
Result fitness: 2.1708
Improvement over MST: 32.67%
Result: [(0.489, 0.399), (0.5790000000000001, 0.4391), (0.171, 0.521), (0.6950000000000001, 0.485), (0.3213, 0.3391), (0.2596045700959045, 0.6054372635412721), (0.731, 0.4891), (0.5710000000000001, 0.431), (0.241, 0.379), (0.5049, 0.4151), (0.645, 0.495), (0.501, 0.41100000000000003), (0.429, 0.491), (0.421, 0.35100000000000003), (0.47100000000000003, 0.391), (0.41890000000000005, 0.3491), (0.16775799491614687, 0.4373597310269293), (0.761, 0.511), (0.6208, 0.47080000000000005), (0.489, 0.399), (0.375, 0.34500000000000003), (0.449, 0.369), (0.449, 0.369), (0.645, 0.495), (0.47100000000000003, 0.391), (0.241, 0.379)]%

--------------RUN10--------------
Execution time: 574.05 seconds
MST cost: 3.0185
Result fitness: 2.1416
Improvement over MST: 33.99%
Result: [(0.621, 0.47100000000000003), (0.489, 0.399), (0.17900000000000002, 0.529), (0.17900000000000002, 0.48109999999999997), (0.6910000000000001, 0.4889), (0.429, 0.4908), (0.441, 0.361), (0.41900000000000004, 0.34900000000000003), (0.6409, 0.4909), (0.5790000000000001, 0.439), (0.5051, 0.41500000000000004), (0.241, 0.379), (0.1825347483038498, 0.43507906871614715), (0.375, 0.34500000000000003), (0.321, 0.339), (0.509, 0.41900000000000004), (0.6489, 0.4911), (0.5710000000000001, 0.4309), (0.28890000000000005, 0.6411), (0.421, 0.35100000000000003), (0.47100000000000003, 0.391), (0.7308, 0.4891), (0.761, 0.511)]%

--------------AVERAGE--------------
Execution time: 410.21 seconds
Result cost: 2.1806
Improvement over MST: 32.26%

