--------------RUN1--------------
Execution time: 379.64 seconds
MST cost: 3.0185
Result fitness: 2.1232
Improvement over MST: 34.83%
Result: [(0.621, 0.47100000000000003), (0.17900000000000002, 0.529), (0.1689, 0.4511), (0.441, 0.361), (0.6950000000000001, 0.485), (0.481, 0.399), (0.5710000000000001, 0.431), (0.41100000000000003, 0.34900000000000003), (0.241, 0.379), (0.5711, 0.4311), (0.645, 0.495), (0.321, 0.339), (0.731, 0.489), (0.42900000000000005, 0.491), (0.501, 0.41900000000000004), (0.421, 0.35100000000000003), (0.171, 0.489), (0.47100000000000003, 0.391), (0.2911, 0.6411), (0.761, 0.511)]%

--------------RUN2--------------
Execution time: 170.99 seconds
MST cost: 3.0185
Result fitness: 2.2320
Improvement over MST: 29.96%
Result: [(0.501, 0.41900000000000004), (0.35519092872231467, 0.5518872603798071), (0.25148406438232906, 0.5025478622385308), (0.20423208762038453, 0.4200221699461337), (0.4291, 0.4909), (0.7608, 0.5108), (0.739, 0.489), (0.5057373359796412, 0.4180414359001929), (0.6908000000000001, 0.48939999999999995), (0.501, 0.41900000000000004)]%

--------------RUN3--------------
Execution time: 406.84 seconds
MST cost: 3.0185
Result fitness: 2.2019
Improvement over MST: 31.28%
Result: [(0.441, 0.361), (0.761, 0.511), (0.429, 0.35100000000000003), (0.6409, 0.4909), (0.22899999999999998, 0.589), (0.4161879761752662, 0.49343566063075206), (0.5789000000000001, 0.431), (0.241, 0.379), (0.6909000000000001, 0.489), (0.47100000000000003, 0.391), (0.489, 0.399), (0.17900000000000002, 0.529), (0.649, 0.491), (0.509, 0.41900000000000004), (0.3211, 0.33959999999999996), (0.1455789548862793, 0.4228406751297548), (0.731, 0.489), (0.625, 0.47500000000000003)]%

--------------RUN4--------------
Execution time: 413.74 seconds
MST cost: 3.0185
Result fitness: 2.1586
Improvement over MST: 33.22%
Result: [(0.7609, 0.5109), (0.6910000000000001, 0.489), (0.621, 0.47100000000000003), (0.14582752630637158, 0.42243877392606394), (0.418103734747308, 0.492567824490826), (0.4111, 0.34890000000000004), (0.17900000000000002, 0.529), (0.649, 0.491), (0.3719668416494704, 0.34833791952574233), (0.5790000000000001, 0.4391), (0.2859209761318251, 0.6435346606100292), (0.641, 0.491), (0.739, 0.489), (0.241, 0.379), (0.329, 0.339), (0.429, 0.35900000000000004), (0.5710000000000001, 0.4309), (0.47100000000000003, 0.399), (0.5027659776977317, 0.42442914055190956)]%

--------------RUN5--------------
Execution time: 492.05 seconds
MST cost: 3.0185
Result fitness: 2.2856
Improvement over MST: 27.63%
Result: [(0.7609, 0.5109), (0.6451, 0.495), (0.41900000000000004, 0.3491), (0.7309, 0.4891), (0.6950000000000001, 0.485), (0.1681723417824949, 0.43706602094674907), (0.5749000000000001, 0.4351), (0.2488739955213502, 0.373289258707614), (0.4208, 0.499), (0.4411, 0.3609), (0.17070000000000005, 0.48919999999999997), (0.6209, 0.47100000000000003), (0.3551, 0.5749000000000001), (0.5710000000000001, 0.4309), (0.421, 0.35100000000000003), (0.47100000000000003, 0.391), (0.245, 0.375), (0.4891, 0.39880000000000004), (0.41480000000000006, 0.5152), (0.5013, 0.41880000000000006), (0.3709, 0.341), (0.17880000000000004, 0.5289)]%

--------------RUN6--------------
Execution time: 372.00 seconds
MST cost: 3.0185
Result fitness: 2.1449
Improvement over MST: 33.84%
Result: [(0.641, 0.491), (0.47500000000000003, 0.395), (0.4288, 0.35100000000000003), (0.321, 0.3393), (0.449, 0.369), (0.6990000000000001, 0.489), (0.621, 0.47100000000000003), (0.14575992543799285, 0.4224141240477885), (0.5751000000000001, 0.4349), (0.241, 0.379), (0.489, 0.399), (0.17900000000000002, 0.529), (0.29480000000000006, 0.6353), (0.429, 0.4989), (0.5012, 0.4113), (0.7309, 0.48919999999999997), (0.2542, 0.6042000000000001), (0.761, 0.511)]%

--------------RUN7--------------
Execution time: 371.57 seconds
MST cost: 3.0185
Result fitness: 2.2692
Improvement over MST: 28.34%
Result: [(0.761, 0.511), (0.429, 0.35100000000000003), (0.449, 0.369), (0.621, 0.47100000000000003), (0.31579999999999997, 0.34900000000000003), (0.5710000000000001, 0.431), (0.41100000000000003, 0.34900000000000003), (0.20410569306704737, 0.4201561665003154), (0.47100000000000003, 0.391), (0.324, 0.5441), (0.6949000000000001, 0.485), (0.245, 0.375), (0.5790000000000001, 0.439), (0.2513840643823291, 0.5025478622385308), (0.645, 0.495), (0.4191913794575995, 0.5195197197898886), (0.731, 0.489), (0.3512049812283831, 0.5577030213975783), (0.5750000000000001, 0.435), (0.135, 0.42), (0.5750000000000001, 0.435)]%

--------------RUN8--------------
Execution time: 375.63 seconds
MST cost: 3.0185
Result fitness: 2.1554
Improvement over MST: 33.37%
Result: [(0.4491, 0.3691), (0.171, 0.5209), (0.761, 0.511), (0.3045, 0.6504000000000001), (0.501, 0.41900000000000004), (0.32060000000000005, 0.3391), (0.5790000000000001, 0.431), (0.16754155439887844, 0.4370493556325718), (0.241, 0.379), (0.48919999999999997, 0.39890000000000003), (0.6559, 0.4809), (0.4291, 0.4909), (0.30489999999999995, 0.6503000000000001), (0.47090000000000004, 0.391), (0.731, 0.489), (0.41880000000000006, 0.3492), (0.6950000000000001, 0.485), (0.4291, 0.4909)]%

--------------RUN9--------------
Execution time: 441.80 seconds
MST cost: 3.0185
Result fitness: 2.1670
Improvement over MST: 32.84%
Result: [(0.6910000000000001, 0.489), (0.5039, 0.4161), (0.151311272388631, 0.4238299913089736), (0.429, 0.491), (0.3709, 0.34880000000000005), (0.2842, 0.6342), (0.249, 0.371), (0.7309, 0.489), (0.421, 0.37110000000000004), (0.17900000000000002, 0.529), (0.761, 0.511)]%

--------------RUN10--------------
Execution time: 524.27 seconds
MST cost: 3.0185
Result fitness: 2.2514
Improvement over MST: 29.12%
Result: [(0.641, 0.491), (0.7611, 0.5111), (0.6910000000000001, 0.489), (0.41900000000000004, 0.34900000000000003), (0.621, 0.47100000000000003), (0.5710000000000001, 0.431), (0.421, 0.35100000000000003), (0.47100000000000003, 0.391), (0.41838875064795905, 0.5179763867481351), (0.32080000000000003, 0.3391), (0.489, 0.399), (0.17900000000000002, 0.529), (0.649, 0.491), (0.2409, 0.6042000000000001), (0.5790000000000001, 0.439), (0.445, 0.365), (0.509, 0.41900000000000004), (0.731, 0.489)]%

--------------AVERAGE--------------
Execution time: 394.85 seconds
Result cost: 2.1989
Improvement over MST: 31.44%

