--------------RUN1--------------
Execution time: 376.64 seconds
MST cost: 3.0185
Result fitness: 2.2682
Improvement over MST: 28.39%
Result: [(0.641, 0.491), (0.6908545415936691, 0.4892733780161693), (0.20449798648438872, 0.41962130413824733), (0.41900000000000004, 0.34900000000000003), (0.449, 0.3689), (0.5791000000000001, 0.4392), (0.621, 0.47100000000000003), (0.421, 0.35100000000000003), (0.47100000000000003, 0.391), (0.5711, 0.4309), (0.245, 0.375), (0.7309, 0.4891), (0.3508724317316138, 0.5589269356906995), (0.3259, 0.34900000000000003), (0.25158406438232905, 0.5026478622385308), (0.761, 0.511), (0.41900000000000004, 0.519), (0.5711, 0.4309), (0.629, 0.47900000000000004)]%

--------------RUN2--------------
Execution time: 201.76 seconds
MST cost: 3.0185
Result fitness: 2.2928
Improvement over MST: 27.33%
Result: [(0.621, 0.47100000000000003), (0.489, 0.399), (0.371, 0.341), (0.421, 0.499), (0.441, 0.361), (0.505, 0.41500000000000004), (0.6950000000000001, 0.485), (0.5790000000000001, 0.439), (0.35900000000000004, 0.5710000000000001), (0.5710000000000001, 0.431), (0.14100000000000001, 0.41900000000000004), (0.645, 0.495), (0.509, 0.41900000000000004), (0.17500000000000002, 0.525), (0.731, 0.489), (0.41500000000000004, 0.515), (0.421, 0.35100000000000003), (0.47100000000000003, 0.391), (0.245, 0.375), (0.379, 0.341), (0.761, 0.511)]%

--------------RUN3--------------
Execution time: 372.39 seconds
MST cost: 3.0185
Result fitness: 2.1451
Improvement over MST: 33.83%
Result: [(0.441, 0.361), (0.41900000000000004, 0.34900000000000003), (0.6950000000000001, 0.485), (0.621, 0.47100000000000003), (0.501, 0.41900000000000004), (0.5790000000000001, 0.431), (0.429, 0.491), (0.421, 0.35100000000000003), (0.47100000000000003, 0.391), (0.489, 0.399), (0.245, 0.375), (0.27765037947483895, 0.6330529724327838), (0.371, 0.341), (0.14552047804173968, 0.4226109616066481), (0.739, 0.489), (0.645, 0.495), (0.17500000000000002, 0.525), (0.761, 0.511), (0.501, 0.41900000000000004), (0.42, 0.52), (0.41900000000000004, 0.34900000000000003)]%

--------------RUN4--------------
Execution time: 386.79 seconds
MST cost: 3.0185
Result fitness: 2.2530
Improvement over MST: 29.05%
Result: [(0.641, 0.491), (0.441, 0.361), (0.6910000000000001, 0.489), (0.41900000000000004, 0.34900000000000003), (0.761, 0.511), (0.621, 0.47100000000000003), (0.35890000000000005, 0.551), (0.421, 0.35100000000000003), (0.32730341359856935, 0.3482395180274792), (0.47100000000000003, 0.391), (0.245, 0.375), (0.5709000000000001, 0.431), (0.649, 0.491), (0.5790000000000001, 0.439), (0.25158406438232905, 0.5026478622385308), (0.35900000000000004, 0.5509000000000001), (0.731, 0.489), (0.20411668984614809, 0.4201561824324749)]%

--------------RUN5--------------
Execution time: 494.32 seconds
MST cost: 3.0185
Result fitness: 2.2779
Improvement over MST: 27.97%
Result: [(0.6990000000000001, 0.489), (0.621, 0.47100000000000003), (0.489, 0.399), (0.17900000000000002, 0.529), (0.41900000000000004, 0.511), (0.35500000000000004, 0.5750000000000001), (0.641, 0.491), (0.441, 0.361), (0.41900000000000004, 0.34900000000000003), (0.4169318953324978, 0.5171611773263141), (0.371, 0.34900000000000003), (0.5790000000000001, 0.439), (0.41100000000000003, 0.519), (0.5710000000000001, 0.431), (0.241, 0.379), (0.329, 0.3541), (0.731, 0.489), (0.15910000000000002, 0.42910000000000004), (0.501, 0.41900000000000004), (0.429, 0.491), (0.421, 0.35100000000000003), (0.47100000000000003, 0.391), (0.761, 0.511)]%

--------------RUN6--------------
Execution time: 364.83 seconds
MST cost: 3.0185
Result fitness: 2.1769
Improvement over MST: 32.40%
Result: [(0.47500000000000003, 0.395), (0.505, 0.41500000000000004), (0.2489, 0.361), (0.429, 0.491), (0.7649, 0.5149), (0.489, 0.399), (0.5710000000000001, 0.43119999999999997), (0.265, 0.6149), (0.41890000000000005, 0.3491), (0.6612, 0.4809), (0.5790000000000001, 0.439), (0.379, 0.341), (0.509, 0.41900000000000004), (0.15562047804173967, 0.4327109616066481), (0.17500000000000002, 0.525), (0.731, 0.489)]%

--------------RUN7--------------
Execution time: 186.16 seconds
MST cost: 3.0185
Result fitness: 2.1681
Improvement over MST: 32.79%
Result: [(0.621, 0.47100000000000003), (0.489, 0.399), (0.371, 0.341), (0.425, 0.35500000000000004), (0.505, 0.41500000000000004), (0.41900000000000004, 0.34900000000000003), (0.6950000000000001, 0.485), (0.249, 0.371), (0.245, 0.3748), (0.5790000000000001, 0.439), (0.1463276567738306, 0.42172088873869334), (0.5710000000000001, 0.431), (0.2840972753100931, 0.6435075542240613), (0.645, 0.495), (0.17500000000000002, 0.525), (0.731, 0.489), (0.429, 0.491), (0.47100000000000003, 0.391), (0.761, 0.511)]%

--------------RUN8--------------
Execution time: 448.61 seconds
MST cost: 3.0185
Result fitness: 2.1284
Improvement over MST: 34.59%
Result: [(0.6910000000000001, 0.489), (0.41890000000000005, 0.34900000000000003), (0.489, 0.399), (0.17900000000000002, 0.529), (0.649, 0.491), (0.7309013272043585, 0.48919922190367987), (0.641, 0.491), (0.371, 0.34900000000000003), (0.1454204780417397, 0.4227109616066481), (0.24888521645126044, 0.37303927239379575), (0.5792, 0.4392), (0.28980000000000006, 0.6403), (0.5710000000000001, 0.431), (0.6251, 0.47500000000000003), (0.48109999999999997, 0.399), (0.429, 0.491), (0.501, 0.41900000000000004), (0.421, 0.35100000000000003), (0.245, 0.375), (0.761, 0.511), (0.629, 0.47900000000000004), (0.641, 0.491)]%

--------------RUN9--------------
Execution time: 377.84 seconds
MST cost: 3.0185
Result fitness: 2.1884
Improvement over MST: 31.89%
Result: [(0.47500000000000003, 0.395), (0.15092173233603512, 0.4224369598833302), (0.41900000000000004, 0.34900000000000003), (0.429, 0.491), (0.501, 0.41900000000000004), (0.7309, 0.4889), (0.5710000000000001, 0.431), (0.2741, 0.6241), (0.249, 0.371), (0.421, 0.35100000000000003), (0.489, 0.399), (0.17900000000000002, 0.529), (0.371, 0.34080000000000005), (0.6910000000000001, 0.48109999999999997), (0.6209, 0.47080000000000005), (0.7609, 0.5108), (0.5750000000000001, 0.435), (0.6449, 0.495)]%

--------------RUN10--------------
Execution time: 256.55 seconds
MST cost: 3.0185
Result fitness: 2.1834
Improvement over MST: 32.11%
Result: [(0.621, 0.47100000000000003), (0.761, 0.519), (0.489, 0.399), (0.7309, 0.4891), (0.4211, 0.35100000000000003), (0.649, 0.491), (0.2709, 0.6391), (0.3709, 0.34090000000000004), (0.641, 0.491), (0.441, 0.361), (0.6911, 0.489), (0.249, 0.371), (0.5710000000000001, 0.431), (0.171, 0.5289), (0.16774772014580905, 0.4373863538050658), (0.5789000000000001, 0.4392), (0.501, 0.41900000000000004), (0.429, 0.491), (0.47100000000000003, 0.391)]%

--------------AVERAGE--------------
Execution time: 346.59 seconds
Result cost: 2.2082
Improvement over MST: 31.03%

