--------------RUN1--------------
Execution time: 431.06 seconds
MST cost: 3.0185
Result fitness: 2.1264
Improvement over MST: 34.68%
Result: [(0.6910000000000001, 0.489), (0.5091, 0.41890000000000005), (0.371, 0.34390000000000004), (0.489, 0.399), (0.14592426557825539, 0.4226406957336513), (0.17900000000000002, 0.529), (0.649, 0.491), (0.641, 0.491), (0.24509999999999998, 0.3749), (0.5709000000000001, 0.431), (0.41880000000000006, 0.3492), (0.625, 0.47500000000000003), (0.47500000000000003, 0.39490000000000003), (0.30510000000000004, 0.6551), (0.49590000000000006, 0.4311), (0.4161722734085253, 0.5080854116511064), (0.731, 0.489), (0.421, 0.4911), (0.761, 0.511), (0.5750000000000001, 0.435)]%

--------------RUN2--------------
Execution time: 350.70 seconds
MST cost: 3.0185
Result fitness: 2.1830
Improvement over MST: 32.13%
Result: [(0.735, 0.485), (0.6910000000000001, 0.489), (0.489, 0.399), (0.649, 0.491), (0.3189, 0.3441), (0.641, 0.491), (0.5790000000000001, 0.439), (0.2702, 0.6201), (0.625, 0.47500000000000003), (0.137310239172509, 0.4076033518250793), (0.5710000000000001, 0.431), (0.17500000000000002, 0.525), (0.501, 0.41900000000000004), (0.429, 0.491), (0.41900000000000004, 0.3492), (0.171, 0.489), (0.47100000000000003, 0.391), (0.245, 0.375), (0.761, 0.511)]%

--------------RUN3--------------
Execution time: 154.84 seconds
MST cost: 3.0185
Result fitness: 2.1447
Improvement over MST: 33.85%
Result: [(0.641, 0.491), (0.761, 0.511), (0.41900000000000004, 0.34900000000000003), (0.731, 0.489), (0.14900000000000002, 0.41900000000000004), (0.371, 0.34900000000000003), (0.501, 0.41900000000000004), (0.249, 0.371), (0.5789000000000001, 0.4311), (0.17900000000000002, 0.529), (0.629, 0.47900000000000004), (0.6909016435296164, 0.48928473765430125), (0.2839, 0.6361), (0.421, 0.499), (0.4791, 0.39890000000000003), (0.425, 0.35500000000000004)]%

--------------RUN4--------------
Execution time: 444.69 seconds
MST cost: 3.0185
Result fitness: 2.1288
Improvement over MST: 34.57%
Result: [(0.47100000000000003, 0.3909), (0.3712, 0.34080000000000005), (0.4848, 0.395), (0.2885747461815516, 0.3612386525869687), (0.5710000000000001, 0.4311), (0.6989000000000001, 0.48109999999999997), (0.5047, 0.4154), (0.4289, 0.4911), (0.5790000000000001, 0.439), (0.645, 0.4951), (0.625, 0.47500000000000003), (0.4449, 0.36019999999999996), (0.5089, 0.41890000000000005), (0.28500000000000003, 0.6347), (0.761, 0.5111), (0.4211, 0.35070000000000007), (0.24519999999999997, 0.3748), (0.17900000000000002, 0.5291), (0.15202823705580168, 0.4267593943373072)]%

--------------RUN5--------------
Execution time: 371.17 seconds
MST cost: 3.0185
Result fitness: 2.1584
Improvement over MST: 33.23%
Result: [(0.2611, 0.3589), (0.429, 0.35100000000000003), (0.449, 0.369), (0.6950000000000001, 0.485), (0.621, 0.47100000000000003), (0.5710000000000001, 0.431), (0.429, 0.491), (0.765, 0.515), (0.24997737336150264, 0.6025263162173832), (0.445, 0.3651), (0.17900000000000002, 0.529), (0.375, 0.34500000000000003), (0.5790000000000001, 0.439), (0.4989, 0.42110000000000003), (0.645, 0.495), (0.241, 0.371), (0.14582426557825542, 0.4224406957336514), (0.731, 0.489)]%

--------------RUN6--------------
Execution time: 362.82 seconds
MST cost: 3.0185
Result fitness: 2.1231
Improvement over MST: 34.83%
Result: [(0.6990000000000001, 0.489), (0.621, 0.47100000000000003), (0.489, 0.399), (0.371, 0.341), (0.641, 0.491), (0.441, 0.361), (0.249, 0.371), (0.5790000000000001, 0.439), (0.739, 0.489), (0.13949666370276792, 0.42079216786328444), (0.2801, 0.6301), (0.5710000000000001, 0.431), (0.5049, 0.4151), (0.509, 0.41900000000000004), (0.42119999999999996, 0.35080000000000006), (0.7609, 0.511), (0.429, 0.491), (0.47100000000000003, 0.391), (0.171, 0.489), (0.17890000000000003, 0.529)]%

--------------RUN7--------------
Execution time: 263.34 seconds
MST cost: 3.0185
Result fitness: 2.1834
Improvement over MST: 32.11%
Result: [(0.731, 0.4891), (0.4208, 0.35100000000000003), (0.371, 0.34900000000000003), (0.47100000000000003, 0.3909), (0.5710000000000001, 0.431), (0.7609, 0.5111), (0.6289, 0.47890000000000005), (0.1751, 0.5251), (0.41890000000000005, 0.34900000000000003), (0.5089, 0.41910000000000003), (0.4209, 0.4909), (0.26089999999999997, 0.6111), (0.4889, 0.39890000000000003), (0.41900000000000004, 0.511), (0.6910000000000001, 0.48109999999999997), (0.645, 0.495), (0.1491, 0.41900000000000004), (0.2491, 0.3711)]%

--------------RUN8--------------
Execution time: 369.72 seconds
MST cost: 3.0185
Result fitness: 2.1349
Improvement over MST: 34.29%
Result: [(0.641, 0.491), (0.41900000000000004, 0.34900000000000003), (0.6990000000000001, 0.489), (0.501, 0.41900000000000004), (0.28, 0.6301), (0.5710000000000001, 0.431), (0.4288, 0.4989), (0.481, 0.399), (0.489, 0.399), (0.7309, 0.4891), (0.17900000000000002, 0.529), (0.1458242655782554, 0.42244069573365134), (0.241, 0.3792), (0.371, 0.341), (0.625, 0.47500000000000003), (0.7609, 0.5108), (0.425, 0.35500000000000004)]%

--------------RUN9--------------
Execution time: 412.15 seconds
MST cost: 3.0185
Result fitness: 2.1722
Improvement over MST: 32.61%
Result: [(0.735, 0.485), (0.47500000000000003, 0.395), (0.505, 0.41500000000000004), (0.41900000000000004, 0.34900000000000003), (0.761, 0.511), (0.6950000000000001, 0.485), (0.4251, 0.4949), (0.5710000000000001, 0.431), (0.14542846462637113, 0.42260670247270216), (0.28009999999999996, 0.64), (0.245, 0.375), (0.17900000000000002, 0.529), (0.645, 0.495), (0.371, 0.34090000000000004), (0.6209, 0.47090000000000004), (0.4891, 0.3991), (0.5789000000000001, 0.439), (0.425, 0.35500000000000004)]%

--------------RUN10--------------
Execution time: 480.35 seconds
MST cost: 3.0185
Result fitness: 2.1339
Improvement over MST: 34.34%
Result: [(0.47500000000000003, 0.3951), (0.6912, 0.48919999999999997), (0.249, 0.3711), (0.489, 0.399), (0.41900000000000004, 0.511), (0.421, 0.499), (0.5790000000000001, 0.4391), (0.641, 0.491), (0.505, 0.41500000000000004), (0.41900000000000004, 0.34900000000000003), (0.7311, 0.4888), (0.509, 0.41900000000000004), (0.2449, 0.375), (0.5709000000000001, 0.4308), (0.421, 0.35100000000000003), (0.29910000000000003, 0.6491), (0.17900000000000002, 0.5291), (0.14552047804173968, 0.42251096160664814), (0.6209, 0.47090000000000004), (0.761, 0.511), (0.3709, 0.341)]%

--------------AVERAGE--------------
Execution time: 364.08 seconds
Result cost: 2.1489
Improvement over MST: 33.66%

