--------------RUN1--------------
Execution time: 282.56 seconds
MST cost: 3.0185
Result fitness: 2.2928
Improvement over MST: 27.33%
Result: [(0.621, 0.47100000000000003), (0.489, 0.399), (0.371, 0.341), (0.421, 0.499), (0.35500000000000004, 0.5750000000000001), (0.47500000000000003, 0.395), (0.505, 0.41500000000000004), (0.6950000000000001, 0.485), (0.249, 0.371), (0.7309, 0.489), (0.5790000000000001, 0.439), (0.5710000000000001, 0.431), (0.645, 0.495), (0.445, 0.365), (0.509, 0.41900000000000004), (0.14552047804173968, 0.42261096160664813), (0.17500000000000002, 0.525), (0.41500000000000004, 0.515), (0.421, 0.35100000000000003), (0.761, 0.511), (0.421, 0.499), (0.379, 0.341)]%

--------------RUN2--------------
Execution time: 440.35 seconds
MST cost: 3.0185
Result fitness: 2.1769
Improvement over MST: 32.40%
Result: [(0.621, 0.47100000000000003), (0.5649641337730997, 0.43110692784628724), (0.41890000000000005, 0.34900000000000003), (0.5090487837820464, 0.418705655153096), (0.4889, 0.39890000000000003), (0.3158, 0.3441), (0.6411, 0.49119999999999997), (0.42929999999999996, 0.49119999999999997), (0.16752626439463109, 0.4369765941017641), (0.5790000000000001, 0.439), (0.47100000000000003, 0.3911), (0.445, 0.365), (0.625, 0.47490000000000004), (0.17500000000000002, 0.525), (0.731, 0.489), (0.6910000000000001, 0.4891), (0.1711, 0.5209), (0.4211, 0.3511), (0.5008, 0.41870000000000007), (0.761, 0.511), (0.24109999999999998, 0.3789), (0.2689, 0.6194999999999999)]%

--------------RUN3--------------
Execution time: 452.86 seconds
MST cost: 3.0185
Result fitness: 2.1602
Improvement over MST: 33.15%
Result: [(0.2841972753100931, 0.6435075542240613), (0.6910000000000001, 0.489), (0.5708000000000001, 0.431), (0.621, 0.47100000000000003), (0.489, 0.399), (0.17900000000000002, 0.529), (0.649, 0.491), (0.5012, 0.41900000000000004), (0.641, 0.491), (0.249, 0.371), (0.1458242655782554, 0.42244069573365134), (0.5790000000000001, 0.439), (0.14582426557825537, 0.42244069573365134), (0.429, 0.35100000000000003), (0.41100000000000003, 0.34900000000000003), (0.731, 0.489), (0.4291, 0.4907), (0.47900000000000004, 0.39890000000000003), (0.379, 0.341), (0.761, 0.511), (0.75, 0.5)]%

--------------RUN4--------------
Execution time: 440.08 seconds
MST cost: 3.0185
Result fitness: 2.1564
Improvement over MST: 33.32%
Result: [(0.621, 0.47100000000000003), (0.6950000000000001, 0.4851), (0.489, 0.399), (0.17900000000000002, 0.529), (0.371, 0.341), (0.41900000000000004, 0.34900000000000003), (0.5711, 0.4308), (0.249, 0.371), (0.5790000000000001, 0.439), (0.425, 0.495), (0.14552047804173968, 0.4226109616066481), (0.445, 0.365), (0.731, 0.489), (0.4409, 0.3611), (0.2748, 0.6348), (0.7609, 0.511), (0.501, 0.41900000000000004), (0.421, 0.35100000000000003), (0.47100000000000003, 0.391), (0.645, 0.4949)]%

--------------RUN5--------------
Execution time: 405.45 seconds
MST cost: 3.0185
Result fitness: 2.1651
Improvement over MST: 32.93%
Result: [(0.42919999999999997, 0.4907), (0.6910000000000001, 0.489), (0.14581704808918286, 0.42244494228408314), (0.621, 0.47100000000000003), (0.489, 0.399), (0.17900000000000002, 0.529), (0.641, 0.491), (0.441, 0.361), (0.41900000000000004, 0.34900000000000003), (0.249, 0.371), (0.739, 0.489), (0.5051, 0.41500000000000004), (0.5710000000000001, 0.431), (0.259, 0.611), (0.509, 0.41900000000000004), (0.421, 0.35100000000000003), (0.47100000000000003, 0.391), (0.379, 0.341), (0.6489, 0.491), (0.761, 0.511), (0.5750000000000001, 0.435)]%

--------------RUN6--------------
Execution time: 333.29 seconds
MST cost: 3.0185
Result fitness: 2.2100
Improvement over MST: 30.93%
Result: [(0.6908545415936691, 0.4892733780161693), (0.641, 0.491), (0.2609, 0.6011), (0.3261, 0.3441), (0.429, 0.491), (0.14562047804173966, 0.4227109616066481), (0.241, 0.379), (0.4111, 0.34890000000000004), (0.17900000000000002, 0.529), (0.7389, 0.4891), (0.5049, 0.41500000000000004), (0.5790000000000001, 0.439), (0.761, 0.511), (0.625, 0.47500000000000003), (0.5750000000000001, 0.435)]%

--------------RUN7--------------
Execution time: 369.85 seconds
MST cost: 3.0185
Result fitness: 2.1935
Improvement over MST: 31.66%
Result: [(0.7609, 0.5109), (0.621, 0.47100000000000003), (0.489, 0.399), (0.17900000000000002, 0.529), (0.24410000000000004, 0.5941000000000001), (0.441, 0.361), (0.5039, 0.4161), (0.41900000000000004, 0.34900000000000003), (0.7393, 0.4889), (0.5790000000000001, 0.439), (0.321, 0.3391), (0.5710000000000001, 0.431), (0.241, 0.379), (0.645, 0.495), (0.17090000000000002, 0.4942), (0.429, 0.491), (0.421, 0.35100000000000003), (0.47100000000000003, 0.391), (0.6952, 0.485), (0.14621467148300102, 0.42219550112934695)]%

--------------RUN8--------------
Execution time: 242.84 seconds
MST cost: 3.0185
Result fitness: 2.2157
Improvement over MST: 30.68%
Result: [(0.5710000000000001, 0.4309), (0.6950000000000001, 0.485), (0.621, 0.47100000000000003), (0.429, 0.491), (0.501, 0.41900000000000004), (0.765, 0.515), (0.25148406438232906, 0.5026478622385308), (0.35561368176189195, 0.5515321791229755), (0.5790000000000001, 0.439), (0.645, 0.495), (0.731, 0.489), (0.20420569306704736, 0.4200561665003154), (0.35561368176189195, 0.5515321791229755)]%

--------------RUN9--------------
Execution time: 274.59 seconds
MST cost: 3.0185
Result fitness: 2.1560
Improvement over MST: 33.34%
Result: [(0.761, 0.511), (0.429, 0.491), (0.501, 0.41900000000000004), (0.41100000000000003, 0.34900000000000003), (0.6599, 0.48), (0.5710000000000001, 0.4311), (0.17900000000000002, 0.529), (0.375, 0.34500000000000003), (0.441, 0.369), (0.5790000000000001, 0.439), (0.429, 0.35900000000000004), (0.1649, 0.455), (0.739, 0.489), (0.241, 0.371), (0.2442, 0.5993999999999999), (0.26, 0.3599)]%

--------------RUN10--------------
Execution time: 359.57 seconds
MST cost: 3.0185
Result fitness: 2.1219
Improvement over MST: 34.89%
Result: [(0.641, 0.491), (0.761, 0.511), (0.5786000000000001, 0.43139999999999995), (0.171, 0.521), (0.6990000000000001, 0.489), (0.621, 0.47100000000000003), (0.47100000000000003, 0.3909), (0.291804911154718, 0.6430407228062538), (0.429, 0.491), (0.249, 0.371), (0.501, 0.41900000000000004), (0.421, 0.35100000000000003), (0.16079211870090634, 0.4484592829808795), (0.371, 0.34080000000000005), (0.48919999999999997, 0.3992), (0.445, 0.365), (0.731, 0.489), (0.3791, 0.341)]%

--------------AVERAGE--------------
Execution time: 360.14 seconds
Result cost: 2.1848
Improvement over MST: 32.06%

