--------------RUN1--------------
Execution time: 315.31 seconds
MST cost: 3.0185
Result fitness: 2.1853
Improvement over MST: 32.03%
Result: [(0.6910000000000001, 0.489), (0.1751, 0.525), (0.621, 0.47100000000000003), (0.489, 0.399), (0.649, 0.491), (0.2696, 0.6102000000000001), (0.3709, 0.34090000000000004), (0.739, 0.4891), (0.641, 0.491), (0.5790000000000001, 0.439), (0.425, 0.495), (0.7609, 0.5111), (0.5711, 0.4311), (0.4411, 0.3609), (0.14573170129000715, 0.4224049731408872), (0.501, 0.41900000000000004), (0.421, 0.35100000000000003), (0.47100000000000003, 0.391), (0.245, 0.375), (0.41890000000000005, 0.3491)]%

--------------RUN2--------------
Execution time: 450.71 seconds
MST cost: 3.0185
Result fitness: 2.1402
Improvement over MST: 34.05%
Result: [(0.14583146451368684, 0.42243645008871045), (0.621, 0.47100000000000003), (0.489, 0.399), (0.371, 0.341), (0.5709000000000001, 0.4311), (0.1791, 0.5291), (0.7611, 0.5111), (0.441, 0.361), (0.41900000000000004, 0.34900000000000003), (0.6409, 0.4909), (0.249, 0.371), (0.731, 0.4891), (0.509, 0.41900000000000004), (0.501, 0.41100000000000003), (0.47080000000000005, 0.39080000000000004), (0.6908949637250745, 0.4891971357789039), (0.2992, 0.6492), (0.421, 0.35100000000000003), (0.429, 0.499), (0.5750000000000001, 0.435)]%

--------------RUN3--------------
Execution time: 416.94 seconds
MST cost: 3.0185
Result fitness: 2.1483
Improvement over MST: 33.68%
Result: [(0.7389, 0.489), (0.489, 0.399), (0.17900000000000002, 0.529), (0.6408, 0.4908), (0.4161, 0.34890000000000004), (0.329, 0.3491), (0.441, 0.361), (0.505, 0.41500000000000004), (0.621, 0.47090000000000004), (0.6449, 0.4951), (0.4291, 0.4909), (0.5789000000000001, 0.4389), (0.2449, 0.3751), (0.6950000000000001, 0.4849), (0.5710000000000001, 0.431), (0.2549, 0.6049000000000001), (0.1543864012994066, 0.4259750888598608), (0.509, 0.41900000000000004), (0.421, 0.35100000000000003), (0.47100000000000003, 0.391), (0.171, 0.489), (0.761, 0.511)]%

--------------RUN4--------------
Execution time: 431.68 seconds
MST cost: 3.0185
Result fitness: 2.1751
Improvement over MST: 32.48%
Result: [(0.5789000000000001, 0.4391), (0.6211, 0.4711), (0.41900000000000004, 0.3491), (0.3211, 0.3394), (0.6409, 0.4909), (0.489, 0.39890000000000003), (0.4809, 0.39890000000000003), (0.28116940005619684, 0.6430270148622738), (0.731, 0.4891), (0.14900000000000002, 0.41900000000000004), (0.5710000000000001, 0.431), (0.6909000000000001, 0.4891), (0.5049, 0.4151), (0.6491, 0.4909), (0.509, 0.41900000000000004), (0.24109999999999998, 0.379), (0.429, 0.491), (0.421, 0.35100000000000003), (0.17900000000000002, 0.5291), (0.761, 0.511)]%

--------------RUN5--------------
Execution time: 531.60 seconds
MST cost: 3.0185
Result fitness: 2.2479
Improvement over MST: 29.27%
Result: [(0.7609, 0.5109), (0.6910000000000001, 0.489), (0.621, 0.47100000000000003), (0.37245871347000975, 0.3477670378518403), (0.421, 0.491), (0.489, 0.399), (0.17900000000000002, 0.529), (0.649, 0.491), (0.641, 0.491), (0.441, 0.361), (0.20890000000000003, 0.5710000000000001), (0.329, 0.3391), (0.5790000000000001, 0.439), (0.739, 0.489), (0.41910000000000003, 0.3491), (0.2409, 0.3789), (0.5709000000000001, 0.4309), (0.509, 0.41900000000000004), (0.14552047804173968, 0.42261096160664813), (0.41500000000000004, 0.515), (0.421, 0.35100000000000003), (0.47100000000000003, 0.391)]%

--------------RUN6--------------
Execution time: 316.49 seconds
MST cost: 3.0185
Result fitness: 2.2800
Improvement over MST: 27.88%
Result: [(0.6910000000000001, 0.489), (0.621, 0.47100000000000003), (0.489, 0.399), (0.649, 0.491), (0.371, 0.341), (0.421, 0.499), (0.7609, 0.5108), (0.425, 0.35500000000000004), (0.641, 0.491), (0.35900000000000004, 0.5710000000000001), (0.14702823705580167, 0.4217593943373072), (0.5710000000000001, 0.431), (0.41100000000000003, 0.34900000000000003), (0.17500000000000002, 0.525), (0.731, 0.489), (0.501, 0.41900000000000004), (0.41500000000000004, 0.515), (0.47100000000000003, 0.391), (0.245, 0.375), (0.5750000000000001, 0.435), (0.371, 0.341), (0.649, 0.491), (0.641, 0.491), (0.489, 0.399)]%

--------------RUN7--------------
Execution time: 402.17 seconds
MST cost: 3.0185
Result fitness: 2.1306
Improvement over MST: 34.49%
Result: [(0.30110000000000003, 0.6511), (0.6910000000000001, 0.489), (0.621, 0.47100000000000003), (0.5882287162435178, 0.4476305063810246), (0.649, 0.491), (0.7648, 0.515), (0.171, 0.521), (0.249, 0.371), (0.5790000000000001, 0.439), (0.739, 0.489), (0.641, 0.4909), (0.5710000000000001, 0.431), (0.41100000000000003, 0.34900000000000003), (0.481, 0.39890000000000003), (0.4889, 0.3991), (0.501, 0.41900000000000004), (0.429, 0.491), (0.421, 0.35100000000000003), (0.3709, 0.3491), (0.1675118146005669, 0.4369390479368187)]%

--------------RUN8--------------
Execution time: 366.86 seconds
MST cost: 3.0185
Result fitness: 2.1616
Improvement over MST: 33.09%
Result: [(0.47500000000000003, 0.395), (0.2939, 0.6343000000000001), (0.6950000000000001, 0.485), (0.621, 0.47100000000000003), (0.5710000000000001, 0.431), (0.501, 0.41900000000000004), (0.429, 0.491), (0.14572426557825544, 0.4225406957336514), (0.489, 0.399), (0.4248, 0.35480000000000006), (0.17900000000000002, 0.529), (0.371, 0.341), (0.5790000000000001, 0.439), (0.739, 0.489), (0.645, 0.495), (0.2489, 0.3711), (0.41490000000000005, 0.3451), (0.761, 0.511)]%

--------------RUN9--------------
Execution time: 333.81 seconds
MST cost: 3.0185
Result fitness: 2.2049
Improvement over MST: 31.16%
Result: [(0.441, 0.361), (0.421, 0.35090000000000005), (0.429, 0.491), (0.5712, 0.431), (0.249, 0.371), (0.47100000000000003, 0.391), (0.489, 0.399), (0.41890000000000005, 0.3491), (0.17900000000000002, 0.529), (0.3712, 0.34080000000000005), (0.17188931799603263, 0.5208267615262083), (0.6291, 0.47070000000000006), (0.1678139574331024, 0.4371757601199489), (0.5011, 0.41890000000000005), (0.761, 0.511), (0.22314669322677572, 0.5929144415987407)]%

--------------RUN10--------------
Execution time: 485.59 seconds
MST cost: 3.0185
Result fitness: 2.1589
Improvement over MST: 33.21%
Result: [(0.5706356907583228, 0.43215042245085317), (0.23080000000000006, 0.5914), (0.171, 0.5211), (0.489, 0.399), (0.6911, 0.4891), (0.649, 0.491), (0.23080000000000006, 0.5965), (0.425, 0.35500000000000004), (0.3099, 0.34500000000000003), (0.6409, 0.4909), (0.41890000000000005, 0.34890000000000004), (0.5018752442693254, 0.41708389962417675), (0.241, 0.379), (0.1673796915112213, 0.4369825526237473), (0.731, 0.489), (0.7609, 0.511), (0.429, 0.491), (0.501, 0.41900000000000004), (0.47100000000000003, 0.391), (0.5791000000000001, 0.4389), (0.6209, 0.47090000000000004)]%

--------------AVERAGE--------------
Execution time: 405.11 seconds
Result cost: 2.1833
Improvement over MST: 32.13%

