--------------RUN1--------------
Execution time: 276.65 seconds
MST cost: 3.0185
Result fitness: 2.2127
Improvement over MST: 30.81%
Result: [(0.641, 0.491), (0.2651, 0.6151), (0.13977121300485199, 0.420952920649539), (0.7309, 0.48109999999999997), (0.421, 0.35100000000000003), (0.761, 0.519), (0.5707999929772627, 0.4332330681489901), (0.245, 0.375), (0.501, 0.40900000000000003), (0.5790000000000001, 0.439), (0.379, 0.341), (0.429, 0.499), (0.6908545415936691, 0.48927337801616927), (0.17500000000000002, 0.525), (0.625, 0.47500000000000003)]%

--------------RUN2--------------
Execution time: 90.96 seconds
MST cost: 3.0185
Result fitness: 2.3059
Improvement over MST: 26.77%
Result: [(0.6910000000000001, 0.489), (0.379, 0.34900000000000003), (0.421, 0.499), (0.641, 0.491), (0.47500000000000003, 0.395), (0.505, 0.41500000000000004), (0.5790000000000001, 0.439), (0.35900000000000004, 0.5710000000000001), (0.5710000000000001, 0.431), (0.14100000000000001, 0.41900000000000004), (0.429, 0.35900000000000004), (0.485, 0.395), (0.17500000000000002, 0.525), (0.41500000000000004, 0.515), (0.41500000000000004, 0.34500000000000003), (0.245, 0.375), (0.629, 0.47900000000000004), (0.6990000000000001, 0.481), (0.761, 0.511)]%

--------------RUN3--------------
Execution time: 84.94 seconds
MST cost: 3.0185
Result fitness: 2.3093
Improvement over MST: 26.62%
Result: [(0.47500000000000003, 0.395), (0.505, 0.41500000000000004), (0.649, 0.499), (0.14900000000000002, 0.41900000000000004), (0.621, 0.47100000000000003), (0.5710000000000001, 0.431), (0.421, 0.35100000000000003), (0.765, 0.515), (0.329, 0.339), (0.41500000000000004, 0.515), (0.489, 0.399), (0.245, 0.375), (0.17900000000000002, 0.529), (0.6910000000000001, 0.481), (0.421, 0.499), (0.509, 0.41900000000000004), (0.35500000000000004, 0.5750000000000001), (0.731, 0.489)]%

--------------RUN4--------------
Execution time: 101.58 seconds
MST cost: 3.0185
Result fitness: 2.3203
Improvement over MST: 26.16%
Result: [(0.769, 0.511), (0.6910000000000001, 0.489), (0.505, 0.41500000000000004), (0.425, 0.495), (0.5790000000000001, 0.431), (0.41500000000000004, 0.515), (0.421, 0.35100000000000003), (0.35900000000000004, 0.5790000000000001), (0.17900000000000002, 0.529), (0.649, 0.491), (0.645, 0.495), (0.321, 0.339), (0.14582426557825542, 0.4224406957336514), (0.731, 0.489), (0.625, 0.47500000000000003), (0.425, 0.35500000000000004)]%

--------------RUN5--------------
Execution time: 76.36 seconds
MST cost: 3.0185
Result fitness: 2.2916
Improvement over MST: 27.38%
Result: [(0.6910000000000001, 0.489), (0.621, 0.47100000000000003), (0.17900000000000002, 0.529), (0.649, 0.491), (0.641, 0.491), (0.14900000000000002, 0.41900000000000004), (0.35900000000000004, 0.5710000000000001), (0.375, 0.34500000000000003), (0.445, 0.365), (0.509, 0.41900000000000004), (0.321, 0.339), (0.731, 0.489), (0.429, 0.491), (0.501, 0.41900000000000004), (0.421, 0.35100000000000003), (0.41500000000000004, 0.515), (0.245, 0.375), (0.761, 0.511), (0.5750000000000001, 0.435)]%

--------------RUN6--------------
Execution time: 94.37 seconds
MST cost: 3.0185
Result fitness: 2.3107
Improvement over MST: 26.57%
Result: [(0.4249, 0.35500000000000004), (0.41500000000000004, 0.34490000000000004), (0.7308, 0.489), (0.5790000000000001, 0.4391), (0.505, 0.41500000000000004), (0.6950000000000001, 0.485), (0.3709, 0.34890000000000004), (0.4711, 0.3909), (0.625, 0.47500000000000003), (0.35100000000000003, 0.5791000000000001), (0.6209, 0.4711), (0.765, 0.515), (0.645, 0.495), (0.17500000000000002, 0.525), (0.4209, 0.4991), (0.4851, 0.3951), (0.41500000000000004, 0.515), (0.245, 0.375), (0.5091, 0.41900000000000004), (0.5711, 0.431), (0.14500000000000002, 0.41500000000000004)]%

--------------RUN7--------------
Execution time: 120.53 seconds
MST cost: 3.0185
Result fitness: 2.1850
Improvement over MST: 32.04%
Result: [(0.2839, 0.6361000000000001), (0.425, 0.495), (0.761, 0.511), (0.509, 0.41100000000000003), (0.17490000000000003, 0.5251), (0.249, 0.371), (0.379, 0.341), (0.731, 0.489), (0.625, 0.47500000000000003), (0.5750000000000001, 0.435)]%

--------------RUN8--------------
Execution time: 70.21 seconds
MST cost: 3.0185
Result fitness: 2.3126
Improvement over MST: 26.48%
Result: [(0.641, 0.491), (0.6910000000000001, 0.489), (0.5710000000000001, 0.431), (0.41500000000000004, 0.515), (0.329, 0.339), (0.421, 0.491), (0.41500000000000004, 0.34500000000000003), (0.761, 0.519), (0.245, 0.375), (0.629, 0.47900000000000004), (0.509, 0.41900000000000004), (0.17500000000000002, 0.525), (0.731, 0.489), (0.35100000000000003, 0.5790000000000001), (0.14500000000000002, 0.41500000000000004), (0.425, 0.35500000000000004)]%

--------------RUN9--------------
Execution time: 132.20 seconds
MST cost: 3.0185
Result fitness: 2.1458
Improvement over MST: 33.80%
Result: [(0.2851, 0.6351), (0.505, 0.41500000000000004), (0.761, 0.511), (0.6950000000000001, 0.485), (0.429, 0.491), (0.5710000000000001, 0.431), (0.47100000000000003, 0.391), (0.245, 0.375), (0.629, 0.47900000000000004), (0.379, 0.341), (0.645, 0.495), (0.509, 0.41900000000000004), (0.17500000000000002, 0.525), (0.731, 0.489), (0.14500000000000002, 0.41500000000000004)]%

--------------RUN10--------------
Execution time: 78.94 seconds
MST cost: 3.0185
Result fitness: 2.3147
Improvement over MST: 26.40%
Result: [(0.735, 0.485), (0.6910000000000001, 0.489), (0.621, 0.47100000000000003), (0.649, 0.491), (0.421, 0.499), (0.641, 0.491), (0.505, 0.41500000000000004), (0.17900000000000002, 0.481), (0.429, 0.35100000000000003), (0.765, 0.515), (0.241, 0.379), (0.375, 0.34500000000000003), (0.1825347483038498, 0.43507906871614715), (0.445, 0.365), (0.17500000000000002, 0.525), (0.35100000000000003, 0.5790000000000001), (0.41500000000000004, 0.515), (0.47100000000000003, 0.391), (0.5750000000000001, 0.435)]%

--------------AVERAGE--------------
Execution time: 112.67 seconds
Result cost: 2.2709
Improvement over MST: 28.30%

