--------------RUN1--------------
Execution time: 179.63 seconds
MST cost: 3.0185
Result fitness: 2.3004
Improvement over MST: 27.00%
Result: [(0.735, 0.485), (0.47500000000000003, 0.395), (0.505, 0.41500000000000004), (0.6950000000000001, 0.485), (0.621, 0.47100000000000003), (0.5710000000000001, 0.431), (0.41100000000000003, 0.519), (0.245, 0.375), (0.17900000000000002, 0.529), (0.14100000000000001, 0.41900000000000004), (0.371, 0.341), (0.645, 0.495), (0.421, 0.499), (0.4169151537046183, 0.5171553744582633), (0.761, 0.511), (0.35900000000000004, 0.5710000000000001), (0.5750000000000001, 0.435), (0.425, 0.35500000000000004)]%

--------------RUN2--------------
Execution time: 281.26 seconds
MST cost: 3.0185
Result fitness: 2.3004
Improvement over MST: 27.00%
Result: [(0.505, 0.41500000000000004), (0.425, 0.495), (0.6950000000000001, 0.485), (0.621, 0.47100000000000003), (0.5710000000000001, 0.431), (0.699098069330236, 0.48155177799989146), (0.249, 0.371), (0.3639, 0.3411), (0.5092, 0.41880000000000006), (0.17900000000000002, 0.529), (0.4111, 0.34900000000000003), (0.441, 0.369), (0.645, 0.495), (0.14582426557825542, 0.4224406957336514), (0.761, 0.511), (0.5750000000000001, 0.435)]%

--------------RUN3--------------
Execution time: 72.35 seconds
MST cost: 3.0185
Result fitness: 2.3107
Improvement over MST: 26.57%
Result: [(0.47500000000000003, 0.395), (0.505, 0.41500000000000004), (0.5750000000000001, 0.4351), (0.371, 0.34900000000000003), (0.621, 0.47100000000000003), (0.429, 0.491), (0.41500000000000004, 0.515), (0.421, 0.35100000000000003), (0.41500000000000004, 0.34500000000000003), (0.35900000000000004, 0.5790000000000001), (0.7611, 0.5109), (0.14100000000000001, 0.41890000000000005), (0.245, 0.375), (0.5790000000000001, 0.439), (0.6990000000000001, 0.481), (0.645, 0.495), (0.485, 0.395), (0.17500000000000002, 0.525)]%

--------------RUN4--------------
Execution time: 99.49 seconds
MST cost: 3.0185
Result fitness: 2.3031
Improvement over MST: 26.89%
Result: [(0.505, 0.41500000000000004), (0.425, 0.495), (0.761, 0.511), (0.6950000000000001, 0.485), (0.621, 0.47100000000000003), (0.5710000000000001, 0.431), (0.41500000000000004, 0.515), (0.47100000000000003, 0.391), (0.41500000000000004, 0.34500000000000003), (0.245, 0.375), (0.375, 0.34500000000000003), (0.5790000000000001, 0.439), (0.645, 0.495), (0.17500000000000002, 0.525), (0.731, 0.489), (0.35900000000000004, 0.5710000000000001), (0.14500000000000002, 0.41500000000000004), (0.425, 0.35500000000000004)]%

--------------RUN5--------------
Execution time: 290.86 seconds
MST cost: 3.0185
Result fitness: 2.1671
Improvement over MST: 32.84%
Result: [(0.6910000000000001, 0.489), (0.641, 0.4911), (0.14900000000000002, 0.41900000000000004), (0.501, 0.41900000000000004), (0.731, 0.481), (0.241, 0.379), (0.47100000000000003, 0.391), (0.41500000000000004, 0.34500000000000003), (0.17900000000000002, 0.529), (0.371, 0.341), (0.5709000000000001, 0.4311), (0.421, 0.499), (0.2561, 0.6061), (0.761, 0.511), (0.625, 0.47500000000000003), (0.425, 0.35500000000000004), (0.489, 0.399), (0.621, 0.47100000000000003)]%

--------------RUN6--------------
Execution time: 177.47 seconds
MST cost: 3.0185
Result fitness: 2.1477
Improvement over MST: 33.71%
Result: [(0.505, 0.41500000000000004), (0.429, 0.491), (0.621, 0.47100000000000003), (0.5710000000000001, 0.431), (0.421, 0.35100000000000003), (0.47100000000000003, 0.391), (0.14500000000000002, 0.41500000000000004), (0.489, 0.399), (0.245, 0.375), (0.371, 0.341), (0.6990000000000001, 0.481), (0.645, 0.495), (0.30010000000000003, 0.6501), (0.17500000000000002, 0.525), (0.761, 0.511), (0.5750000000000001, 0.435)]%

--------------RUN7--------------
Execution time: 260.16 seconds
MST cost: 3.0185
Result fitness: 2.1408
Improvement over MST: 34.03%
Result: [(0.761, 0.511), (0.5710000000000001, 0.431), (0.41100000000000003, 0.34900000000000003), (0.41500000000000004, 0.515), (0.421, 0.491), (0.5051, 0.42510000000000003), (0.17900000000000002, 0.529), (0.371, 0.341), (0.6609, 0.481), (0.241, 0.371), (0.14582426557825542, 0.4224406957336514), (0.731, 0.489), (0.30910000000000004, 0.6591)]%

--------------RUN8--------------
Execution time: 109.68 seconds
MST cost: 3.0185
Result fitness: 2.2253
Improvement over MST: 30.26%
Result: [(0.641, 0.491), (0.6910000000000001, 0.489), (0.505, 0.41500000000000004), (0.761, 0.511), (0.5710000000000001, 0.431), (0.281, 0.371), (0.5091, 0.41900000000000004), (0.375, 0.34500000000000003), (0.421, 0.499), (0.17500000000000002, 0.525), (0.731, 0.489), (0.625, 0.47500000000000003), (0.30610000000000004, 0.6641)]%

--------------RUN9--------------
Execution time: 81.69 seconds
MST cost: 3.0185
Result fitness: 2.3053
Improvement over MST: 26.80%
Result: [(0.425, 0.35500000000000004), (0.41900000000000004, 0.34900000000000003), (0.649, 0.499), (0.481, 0.399), (0.35900000000000004, 0.5710000000000001), (0.41100000000000003, 0.519), (0.625, 0.47500000000000003), (0.5710000000000001, 0.431), (0.765, 0.515), (0.375, 0.34500000000000003), (0.14100000000000001, 0.41900000000000004), (0.321, 0.339), (0.17500000000000002, 0.525), (0.731, 0.489), (0.501, 0.41900000000000004), (0.429, 0.491), (0.245, 0.375), (0.6910000000000001, 0.481), (0.5750000000000001, 0.435)]%

--------------RUN10--------------
Execution time: 193.13 seconds
MST cost: 3.0185
Result fitness: 2.1923
Improvement over MST: 31.71%
Result: [(0.41090000000000004, 0.34900000000000003), (0.505, 0.41500000000000004), (0.425, 0.495), (0.3209, 0.3391), (0.6950000000000001, 0.485), (0.621, 0.47100000000000003), (0.14900000000000002, 0.41900000000000004), (0.7349, 0.4848), (0.17900000000000002, 0.529), (0.31910000000000005, 0.6691), (0.645, 0.495), (0.2449, 0.375), (0.761, 0.511), (0.5750000000000001, 0.435)]%

--------------AVERAGE--------------
Execution time: 174.57 seconds
Result cost: 2.2393
Improvement over MST: 29.68%

