--------------RUN1--------------
Execution time: 93.02 seconds
MST cost: 3.0185
Result fitness: 2.3003
Improvement over MST: 27.01%
Result: [(0.6910000000000001, 0.489), (0.621, 0.47100000000000003), (0.17900000000000002, 0.529), (0.649, 0.491), (0.371, 0.341), (0.421, 0.499), (0.47500000000000003, 0.395), (0.505, 0.41500000000000004), (0.5790000000000001, 0.439), (0.35900000000000004, 0.5710000000000001), (0.5710000000000001, 0.431), (0.765, 0.515), (0.645, 0.495), (0.509, 0.41900000000000004), (0.485, 0.395), (0.731, 0.489), (0.421, 0.35100000000000003), (0.41500000000000004, 0.515), (0.245, 0.375), (0.14500000000000002, 0.41500000000000004)]%

--------------RUN2--------------
Execution time: 82.15 seconds
MST cost: 3.0185
Result fitness: 2.3118
Improvement over MST: 26.52%
Result: [(0.489, 0.399), (0.425, 0.35500000000000004), (0.47500000000000003, 0.395), (0.505, 0.41500000000000004), (0.649, 0.499), (0.35900000000000004, 0.5710000000000001), (0.425, 0.495), (0.375, 0.34500000000000003), (0.445, 0.365), (0.321, 0.339), (0.509, 0.41900000000000004), (0.17500000000000002, 0.525), (0.14900000000000002, 0.41890000000000005), (0.41500000000000004, 0.515), (0.41500000000000004, 0.34500000000000003), (0.5789000000000001, 0.4311), (0.245, 0.375), (0.6910000000000001, 0.481), (0.13574178214114152, 0.4173604503258195), (0.761, 0.511)]%

--------------RUN3--------------
Execution time: 234.06 seconds
MST cost: 3.0185
Result fitness: 2.1722
Improvement over MST: 32.61%
Result: [(0.171, 0.481), (0.3709, 0.3411), (0.4199, 0.4999), (0.765, 0.515), (0.249, 0.371), (0.28907759513470566, 0.6383857886016399), (0.4111, 0.3491), (0.5750000000000001, 0.435), (0.17500000000000002, 0.525), (0.731, 0.489), (0.625, 0.47500000000000003), (0.5049, 0.4153), (0.1685953476762736, 0.43702197887493255)]%

--------------RUN4--------------
Execution time: 134.39 seconds
MST cost: 3.0185
Result fitness: 2.1507
Improvement over MST: 33.58%
Result: [(0.641, 0.491), (0.6910000000000001, 0.489), (0.505, 0.4151), (0.621, 0.47100000000000003), (0.3291, 0.3391), (0.41100000000000003, 0.34900000000000003), (0.429, 0.491), (0.769, 0.519), (0.14100000000000001, 0.41900000000000004), (0.30010000000000003, 0.6501), (0.2449, 0.375), (0.17500000000000002, 0.525), (0.731, 0.489), (0.5750000000000001, 0.435)]%

--------------RUN5--------------
Execution time: 195.73 seconds
MST cost: 3.0185
Result fitness: 2.1493
Improvement over MST: 33.64%
Result: [(0.425, 0.495), (0.501, 0.41900000000000004), (0.5710000000000001, 0.431), (0.249, 0.371), (0.321, 0.339), (0.17900000000000002, 0.529), (0.6990000000000001, 0.481), (0.41080000000000005, 0.3491), (0.7610206140817745, 0.5109216555884475), (0.29410000000000003, 0.6441), (0.6209, 0.47100000000000003), (0.6449, 0.495)]%

--------------RUN6--------------
Execution time: 140.09 seconds
MST cost: 3.0185
Result fitness: 2.3009
Improvement over MST: 26.98%
Result: [(0.735, 0.485), (0.641, 0.491), (0.6910000000000001, 0.489), (0.505, 0.41500000000000004), (0.425, 0.495), (0.14900000000000002, 0.41900000000000004), (0.621, 0.47100000000000003), (0.5710000000000001, 0.431), (0.41100000000000003, 0.34900000000000003), (0.765, 0.515), (0.41500000000000004, 0.515), (0.245, 0.375), (0.375, 0.34500000000000003), (0.17500000000000002, 0.525), (0.35900000000000004, 0.5710000000000001), (0.135, 0.42)]%

--------------RUN7--------------
Execution time: 115.79 seconds
MST cost: 3.0185
Result fitness: 2.3100
Improvement over MST: 26.59%
Result: [(0.735, 0.485), (0.6910000000000001, 0.489), (0.621, 0.47100000000000003), (0.489, 0.399), (0.649, 0.491), (0.425, 0.35500000000000004), (0.641, 0.491), (0.505, 0.41500000000000004), (0.371, 0.34900000000000003), (0.17490000000000003, 0.5251), (0.5709000000000001, 0.431), (0.41100000000000003, 0.519), (0.765, 0.515), (0.47900000000000004, 0.399), (0.509, 0.41900000000000004), (0.429, 0.491), (0.41500000000000004, 0.515), (0.41500000000000004, 0.34500000000000003), (0.245, 0.375), (0.3561, 0.5659000000000001), (0.14500000000000002, 0.41500000000000004)]%

--------------RUN8--------------
Execution time: 92.78 seconds
MST cost: 3.0185
Result fitness: 2.3062
Improvement over MST: 26.75%
Result: [(0.621, 0.47100000000000003), (0.489, 0.399), (0.35500000000000004, 0.5750000000000001), (0.441, 0.361), (0.505, 0.41500000000000004), (0.47500000000000003, 0.395), (0.41900000000000004, 0.34900000000000003), (0.6950000000000001, 0.485), (0.371, 0.34900000000000003), (0.5790000000000001, 0.439), (0.739, 0.489), (0.425, 0.495), (0.765, 0.515), (0.14100000000000001, 0.41900000000000004), (0.645, 0.495), (0.17500000000000002, 0.525), (0.421, 0.35100000000000003), (0.41500000000000004, 0.515), (0.245, 0.375), (0.5750000000000001, 0.435)]%

--------------RUN9--------------
Execution time: 212.26 seconds
MST cost: 3.0185
Result fitness: 2.1450
Improvement over MST: 33.84%
Result: [(0.641, 0.491), (0.505, 0.41500000000000004), (0.41900000000000004, 0.34900000000000003), (0.6990000000000001, 0.489), (0.429, 0.491), (0.421, 0.35100000000000003), (0.171, 0.489), (0.245, 0.375), (0.5711, 0.431), (0.371, 0.341), (0.2839, 0.6361), (0.739, 0.489), (0.509, 0.41900000000000004), (0.17500000000000002, 0.525), (0.761, 0.511), (0.625, 0.47500000000000003), (0.509, 0.41900000000000004)]%

--------------RUN10--------------
Execution time: 250.35 seconds
MST cost: 3.0185
Result fitness: 2.1468
Improvement over MST: 33.75%
Result: [(0.14900000000000002, 0.41900000000000004), (0.501, 0.41900000000000004), (0.5710000000000001, 0.431), (0.765, 0.515), (0.249, 0.371), (0.6911, 0.489), (0.4209, 0.35090000000000005), (0.4249, 0.4951), (0.6454877629925607, 0.49226946559456713), (0.649, 0.491), (0.2901, 0.6401), (0.47900000000000004, 0.399), (0.3751, 0.34500000000000003), (0.17500000000000002, 0.525), (0.731, 0.489), (0.5750000000000001, 0.435)]%

--------------AVERAGE--------------
Execution time: 155.06 seconds
Result cost: 2.2293
Improvement over MST: 30.13%

