--------------RUN1--------------
Execution time: 988.86 seconds
MST cost: 3.7846
Result fitness: 2.9125
Improvement over MST: 26.04%
Result: [(0.6250551840722087, 0.765816584819552), (0.6517902228652623, 0.915514985189907), (0.5116263103162917, 0.5356413022892758), (0.3262, 0.5740000000000001), (0.750910645648964, 0.4137811376126154), (0.5901, 0.34990000000000004), (0.23900000000000002, 0.219), (0.515, 0.505), (0.2251, 0.19490000000000002), (0.515, 0.505), (0.7257862180436279, 0.4448771891443293), (0.729, 0.541), (0.3622527014369061, 0.5361264455256829), (0.631, 0.771), (0.1248, 0.1499), (0.601, 0.7391), (0.7053170073642123, 0.5209270186614813), (0.4809, 0.5511), (0.74, 0.44), (0.7251749940552534, 0.4451172499505431), (0.271, 0.299), (0.1249, 0.15), (0.631, 0.809)]%

--------------RUN2--------------
Execution time: 291.22 seconds
MST cost: 3.7846
Result fitness: 2.9205
Improvement over MST: 25.77%
Result: [(0.39119423079783733, 0.5051730007237984), (0.129, 0.159), (0.605, 0.735), (0.229, 0.199), (0.750973359926217, 0.4136323804686769), (0.7389961642866177, 0.43853455515364753), (0.6908704849020437, 0.5645795140821711), (0.635, 0.7751), (0.625, 0.765), (0.539, 0.661), (0.589, 0.34900000000000003), (0.601, 0.739), (0.6515902228652624, 0.915414985189907)]%

--------------RUN3--------------
Execution time: 402.93 seconds
MST cost: 3.7846
Result fitness: 2.9694
Improvement over MST: 24.14%
Result: [(0.39752310872107055, 0.5538216026709503), (0.6079526997060065, 0.7743888704192513), (0.609, 0.251), (0.7232268092988825, 0.4364216461350606), (0.6517902228652623, 0.915514985189907), (0.639, 0.779), (0.7211595251711653, 0.4416547769295286), (0.47100000000000003, 0.489), (0.229, 0.199), (0.539, 0.669), (0.609, 0.739), (0.581, 0.341), (0.715873359926217, 0.4137323804686769), (0.121, 0.151), (0.625, 0.765), (0.7022019128212319, 0.37506070747115716)]%

--------------RUN4--------------
Execution time: 1291.64 seconds
MST cost: 3.7846
Result fitness: 2.8674
Improvement over MST: 27.58%
Result: [(0.35862163008219106, 0.5414950068376063), (0.1209, 0.1509), (0.6291, 0.769), (0.6430022575961318, 0.9014874193622591), (0.37514740018923937, 0.5361446655207844), (0.750973359926217, 0.4136323804686769), (0.539, 0.669), (0.5891, 0.34890000000000004), (0.635, 0.775), (0.4551, 0.485), (0.601, 0.731), (0.26080000000000003, 0.28080000000000005), (0.321, 0.5790000000000001), (0.38570173288010107, 0.511537217801003), (0.23880000000000004, 0.21639999999999995), (0.7310931449741764, 0.508731066048702), (0.2209, 0.19070000000000004), (0.601, 0.739)]%

--------------RUN5--------------
Execution time: 1222.04 seconds
MST cost: 3.7846
Result fitness: 2.9553
Improvement over MST: 24.61%
Result: [(0.5992, 0.35380000000000006), (0.6079526997060065, 0.7743888704192513), (0.499, 0.539), (0.7357956453463963, 0.4442136805121973), (0.612599126920867, 0.2533293386706197), (0.7551978962939152, 0.5076391231766073), (0.7507733599262171, 0.4135323804686769), (0.6124639715634927, 0.7688110567085729), (0.2391, 0.21880000000000002), (0.6010884751473993, 0.7390141789308297), (0.6490006529348749, 0.9085100752571311), (0.12079999999999999, 0.1509), (0.225, 0.195), (0.631, 0.8012), (0.5149, 0.5048)]%

--------------RUN6--------------
Execution time: 883.95 seconds
MST cost: 3.7846
Result fitness: 2.9516
Improvement over MST: 24.73%
Result: [(0.6011, 0.7389), (0.229, 0.199), (0.4882971294629737, 0.5505956477529891), (0.724380428415809, 0.4446889746430647), (0.2601, 0.2601), (0.519, 0.491), (0.750973359926217, 0.4137323804686769), (0.5916683245540237, 0.3562997233914381), (0.6516902228652623, 0.915614985189907), (0.6490217479138557, 0.8996561830545063), (0.639, 0.771), (0.721, 0.459), (0.621, 0.769), (0.6908704849020437, 0.5645795140821711), (0.1101, 0.1451), (0.5184763910058741, 0.5323301887686912)]%

--------------RUN7--------------
Execution time: 1183.96 seconds
MST cost: 3.7846
Result fitness: 2.9145
Improvement over MST: 25.98%
Result: [(0.1251, 0.1549), (0.7211, 0.5409), (0.635, 0.775), (0.6361686143636341, 0.5951689373027489), (0.601, 0.739), (0.585, 0.555), (0.3891, 0.5111), (0.389, 0.511), (0.750973359926217, 0.4137323804686769), (0.629, 0.769), (0.589, 0.34890000000000004), (0.6517535261746733, 0.9156032756053633), (0.4998, 0.4798), (0.621, 0.769), (0.7015666250728171, 0.5232970876578807), (0.7282640172582016, 0.4456478494914746), (0.229, 0.199), (0.321, 0.5790000000000001), (0.6363686143636341, 0.5950689373027489), (0.23900000000000002, 0.219)]%

--------------RUN8--------------
Execution time: 538.45 seconds
MST cost: 3.7846
Result fitness: 2.8906
Improvement over MST: 26.79%
Result: [(0.7209, 0.459), (0.291, 0.319), (0.70081558829366, 0.9154055848613294), (0.5951, 0.3551), (0.325, 0.5750000000000001), (0.229, 0.199), (0.539, 0.669), (0.385, 0.515), (0.6908704849020437, 0.5645795140821711), (0.750973359926217, 0.4137323804686769), (0.125, 0.155), (0.601, 0.731), (0.639, 0.771), (0.609, 0.761), (0.621, 0.769), (0.681, 0.851), (0.6990000000000001, 0.369)]%

--------------RUN9--------------
Execution time: 559.69 seconds
MST cost: 3.7846
Result fitness: 2.8969
Improvement over MST: 26.57%
Result: [(0.325, 0.5750000000000001), (0.629, 0.769), (0.729, 0.541), (0.6517902228652623, 0.915514985189907), (0.639, 0.779), (0.539, 0.669), (0.609, 0.761), (0.721, 0.459), (0.605, 0.735), (0.255, 0.255), (0.635, 0.805), (0.609, 0.251), (0.7211595251711653, 0.4416547769295286), (0.585, 0.34500000000000003), (0.229, 0.199), (0.275, 0.295), (0.129, 0.151), (0.385, 0.515), (0.23900000000000002, 0.219)]%

--------------RUN10--------------
Execution time: 784.37 seconds
MST cost: 3.7846
Result fitness: 2.9430
Improvement over MST: 25.02%
Result: [(0.7030406049668289, 0.5223518042757506), (0.589, 0.341), (0.1209, 0.15109999999999998), (0.251, 0.251), (0.5222184868598752, 0.5404675466165065), (0.6235847565424409, 0.6259309792194461), (0.750973359926217, 0.4137323804686769), (0.481, 0.551), (0.225, 0.195), (0.6141, 0.2641), (0.515, 0.495), (0.6517902228652623, 0.915514985189907), (0.721, 0.541), (0.585, 0.3451), (0.6049, 0.7449), (0.6202751992577632, 0.769487353225047), (0.6341, 0.769), (0.2751, 0.2951), (0.23900000000000002, 0.211)]%

--------------AVERAGE--------------
Execution time: 814.71 seconds
Result cost: 2.9222
Improvement over MST: 25.72%

