--------------RUN1--------------
Execution time: 1481.34 seconds
MST cost: 3.7846
Result fitness: 2.8686
Improvement over MST: 27.53%
Result: [(0.2551, 0.2602), (0.6908704849020437, 0.5644795140821711), (0.7508733599262171, 0.4137323804686769), (0.6089, 0.7559), (0.639, 0.799), (0.629, 0.769), (0.362662017436777, 0.5409753387682215), (0.7247084934949516, 0.44433752031950446), (0.3289, 0.5709000000000001), (0.639, 0.779), (0.539, 0.669), (0.1211, 0.15109999999999998), (0.5891, 0.34890000000000004), (0.721, 0.459), (0.605, 0.735), (0.4658599614386509, 0.5865216878339993), (0.6518902228652623, 0.9156149851899071), (0.229, 0.199), (0.23934826902268025, 0.2184369824763251), (0.519, 0.499)]%

--------------RUN2--------------
Execution time: 1125.93 seconds
MST cost: 3.7846
Result fitness: 2.8527
Improvement over MST: 28.08%
Result: [(0.5651, 0.6950000000000001), (0.325, 0.5751000000000001), (0.121, 0.151), (0.259, 0.259), (0.5880749093782374, 0.34290581838816725), (0.36235270143690607, 0.5414264455256829), (0.6289, 0.7689), (0.5631685826721738, 0.674639367505498), (0.750973359926217, 0.4137323804686769), (0.225, 0.195), (0.3797465467724573, 0.5381139083474219), (0.3861645516842218, 0.5053059341677368), (0.721, 0.451), (0.609, 0.761), (0.605, 0.735), (0.631, 0.771), (0.7211595251711653, 0.4416547769295286), (0.6857704849020437, 0.5696795140821711), (0.129, 0.151), (0.6477854184376602, 0.9143810518158482)]%

--------------RUN3--------------
Execution time: 1791.82 seconds
MST cost: 3.7846
Result fitness: 2.8735
Improvement over MST: 27.37%
Result: [(0.7291200067256643, 0.446148880860836), (0.459, 0.481), (0.7293352973540781, 0.4455410803516824), (0.631, 0.771), (0.1209, 0.1509), (0.229, 0.199), (0.539, 0.669), (0.631, 0.801), (0.6517902228652623, 0.9155149851899071), (0.39361111317548214, 0.5108429648334528), (0.601, 0.731), (0.5907184906173369, 0.3475300206115976), (0.7438454765187551, 0.41194856934565827), (0.609, 0.761), (0.6905248658387387, 0.5698128171807735), (0.756073359926217, 0.4086323804686769), (0.625, 0.765), (0.255, 0.255)]%

--------------RUN4--------------
Execution time: 1430.79 seconds
MST cost: 3.7846
Result fitness: 2.8678
Improvement over MST: 27.56%
Result: [(0.725, 0.455), (0.451, 0.481), (0.601, 0.731), (0.5451, 0.6751), (0.601, 0.739), (0.279, 0.299), (0.581, 0.341), (0.750973359926217, 0.4137323804686769), (0.7265108473962598, 0.4452337289056103), (0.381, 0.519), (0.12712752109480535, 0.15303907849471915), (0.6517902228652623, 0.915514985189907), (0.631, 0.799), (0.329, 0.5710000000000001), (0.589, 0.309), (0.6218132391883334, 0.7654721948665283), (0.631, 0.771), (0.6908704849020437, 0.5646795140821711), (0.6950000000000001, 0.365), (0.229, 0.199), (0.625, 0.765), (0.601, 0.739)]%

--------------RUN5--------------
Execution time: 1587.27 seconds
MST cost: 3.7846
Result fitness: 2.8724
Improvement over MST: 27.40%
Result: [(0.6517902228652623, 0.915514985189907), (0.279, 0.299), (0.6019955374059728, 0.7357042554289505), (0.3861068486215308, 0.5196536838469825), (0.590618490617337, 0.3474300206115976), (0.6908704849020437, 0.5645795140821711), (0.451, 0.481), (0.629, 0.7611), (0.721, 0.451), (0.750973359926217, 0.4137323804686769), (0.7390253935861251, 0.43857193264305244), (0.225, 0.19490000000000002), (0.601, 0.731), (0.125, 0.155), (0.32500195905158, 0.5750095681858447), (0.34990000000000004, 0.5498999999999999), (0.5451, 0.6752)]%

--------------RUN6--------------
Execution time: 1570.16 seconds
MST cost: 3.7846
Result fitness: 2.8567
Improvement over MST: 27.94%
Result: [(0.6389, 0.7711), (0.2211, 0.1911), (0.7019591013536143, 0.5309342071971414), (0.37403637935025613, 0.532318632124539), (0.6227678948814817, 0.7670574435192663), (0.601, 0.731), (0.121, 0.151), (0.251, 0.251), (0.439, 0.491), (0.3289, 0.5710000000000001), (0.6012, 0.7392), (0.750973359926217, 0.4137323804686769), (0.376, 0.5109), (0.5901, 0.3501), (0.7258481235480886, 0.44353093614738387), (0.721, 0.541), (0.539, 0.669), (0.6514902228652624, 0.915614985189907), (0.635, 0.805), (0.2391, 0.2191)]%

--------------RUN7--------------
Execution time: 661.63 seconds
MST cost: 3.7846
Result fitness: 2.8936
Improvement over MST: 26.68%
Result: [(0.725, 0.455), (0.3897293958884821, 0.5060124791476064), (0.10500000000000001, 0.14500000000000002), (0.6908704849020437, 0.5645795140821711), (0.6474422424832862, 0.9165912691338376), (0.601, 0.731), (0.229, 0.1961), (0.3888999999999999, 0.551), (0.7508733599262171, 0.4137323804686769), (0.6314858947011829, 0.7697289739194181), (0.589, 0.34900000000000003), (0.535, 0.665)]%

--------------RUN8--------------
Execution time: 2085.10 seconds
MST cost: 3.7846
Result fitness: 2.8750
Improvement over MST: 27.32%
Result: [(0.601, 0.731), (0.259, 0.259), (0.389, 0.511), (0.6550699542612118, 0.9128972739321936), (0.325, 0.5750000000000001), (0.225, 0.195), (0.7508733599262171, 0.4136323804686769), (0.6216657183180232, 0.7654769474091438), (0.6312, 0.7709), (0.10510000000000001, 0.1451), (0.5888, 0.3088), (0.6517902228652623, 0.9155149851899071), (0.6049, 0.7449), (0.7310931449741764, 0.508831066048702), (0.5677253609669947, 0.6732825742881422), (0.625, 0.7651), (0.23900000000000002, 0.2191), (0.7296237701532108, 0.44629756028376233), (0.435, 0.495), (0.585, 0.34500000000000003), (0.5708, 0.7007)]%

--------------RUN9--------------
Execution time: 735.27 seconds
MST cost: 3.7846
Result fitness: 2.9474
Improvement over MST: 24.87%
Result: [(0.6350323973088159, 0.5935356897930631), (0.7233341269284588, 0.4436551488303223), (0.6908704849020437, 0.5645795140821711), (0.750973359926217, 0.4137323804686769), (0.381, 0.5241), (0.5901, 0.34500000000000003), (0.6031846370746341, 0.7307942355537607), (0.629, 0.769), (0.6861, 0.8539), (0.7010000000000001, 0.9141), (0.3261, 0.5739000000000001), (0.251, 0.251), (0.1101, 0.14500000000000002), (0.6061, 0.7639), (0.5222184868598752, 0.5404675466165065), (0.101, 0.14100000000000001), (0.511, 0.5039), (0.2362, 0.206)]%

--------------RUN10--------------
Execution time: 1130.14 seconds
MST cost: 3.7846
Result fitness: 2.9050
Improvement over MST: 26.30%
Result: [(0.1899, 0.16), (0.7211, 0.5409), (0.601, 0.731), (0.589, 0.34900000000000003), (0.39119423079783733, 0.5052730007237984), (0.6518157987112609, 0.91553186398787), (0.62, 0.7699), (0.6990000000000001, 0.369), (0.101, 0.14100000000000001), (0.7254463442082171, 0.4352623033127829), (0.255, 0.255), (0.2392, 0.21880000000000002), (0.7201, 0.44), (0.6292, 0.761), (0.229, 0.199), (0.44635087159258474, 0.4890302756836935), (0.275, 0.295), (0.535, 0.665), (0.651715798711261, 0.91553186398787), (0.6011, 0.7388), (0.39, 0.55)]%

--------------AVERAGE--------------
Execution time: 1359.95 seconds
Result cost: 2.8813
Improvement over MST: 27.11%

