--------------RUN1--------------
Execution time: 544.64 seconds
MST cost: 3.7846
Result fitness: 2.8815
Improvement over MST: 27.10%
Result: [(0.5349, 0.665), (0.321, 0.5789000000000001), (0.259, 0.251), (0.6950000000000001, 0.3651), (0.10500000000000001, 0.14500000000000002), (0.385, 0.515), (0.721, 0.451), (0.5891, 0.34890000000000004), (0.750973359926217, 0.4137323804686769), (0.635, 0.775), (0.6517902228652623, 0.9155149851899071), (0.629, 0.769), (0.259, 0.259), (0.609, 0.761), (0.605, 0.735), (0.6908704849020437, 0.5645795140821711), (0.22490000000000002, 0.195), (0.635, 0.8049000000000001)]%

--------------RUN2--------------
Execution time: 968.56 seconds
MST cost: 3.7846
Result fitness: 2.8749
Improvement over MST: 27.32%
Result: [(0.6288, 0.761), (0.6011, 0.7389), (0.5810860544416888, 0.3409837741595386), (0.7458733599262171, 0.4087323804686769), (0.385, 0.515), (0.6556417638705359, 0.912191352911587), (0.329, 0.5710000000000001), (0.23890000000000003, 0.219), (0.5351, 0.6651), (0.601, 0.731), (0.225, 0.195), (0.3892, 0.519), (0.121, 0.15109999999999998), (0.7044871896073301, 0.5240428387565154), (0.725, 0.545), (0.7245424951466152, 0.4444023989442545)]%

--------------RUN3--------------
Execution time: 1175.21 seconds
MST cost: 3.7846
Result fitness: 2.8825
Improvement over MST: 27.06%
Result: [(0.325, 0.5750000000000001), (0.6860919958443932, 0.9085475347286627), (0.451, 0.48109999999999997), (0.7508733599262171, 0.41393238046867686), (0.7288, 0.4509), (0.601, 0.731), (0.6293, 0.769), (0.121, 0.151), (0.259, 0.2591), (0.601, 0.731), (0.22890000000000002, 0.199), (0.6907704849020437, 0.5645795140821711), (0.5389, 0.6689), (0.589, 0.34900000000000003), (0.384, 0.5162), (0.384, 0.5162), (0.6007, 0.7387), (0.7211595251711653, 0.4416547769295286), (0.5389, 0.6689), (0.62, 0.77)]%

--------------RUN4--------------
Execution time: 1229.66 seconds
MST cost: 3.7846
Result fitness: 2.8845
Improvement over MST: 26.99%
Result: [(0.635, 0.805), (0.3836097127897688, 0.5198496297020966), (0.585, 0.34500000000000003), (0.629, 0.761), (0.750910645648964, 0.4137811376126154), (0.325, 0.5750000000000001), (0.381, 0.519), (0.539, 0.669), (0.605, 0.735), (0.6606018663601961, 0.9064047416839923), (0.1209, 0.15109999999999998), (0.271, 0.291), (0.6908704849020437, 0.5645795140821711), (0.7291855635896768, 0.44574474486000476), (0.221, 0.191), (0.23900000000000002, 0.219), (0.6088, 0.7608)]%

--------------RUN5--------------
Execution time: 1818.96 seconds
MST cost: 3.7846
Result fitness: 2.8540
Improvement over MST: 28.03%
Result: [(0.3882187257549894, 0.5438948863277069), (0.10500000000000001, 0.14500000000000002), (0.451, 0.481), (0.269, 0.281), (0.3586709354576946, 0.5416139698478389), (0.601, 0.731), (0.32902536423179946, 0.5710040832767188), (0.6528583789089653, 0.9145633405225483), (0.5566592131183316, 0.6857070724102604), (0.3923767979309165, 0.512596283516107), (0.629, 0.769), (0.6516902228652623, 0.9155149851899071), (0.5909184906173369, 0.3476300206115976), (0.2401, 0.21509999999999999), (0.631, 0.771), (0.7230990639287623, 0.4436364372361927), (0.2509, 0.2511), (0.631, 0.779), (0.6899221124328759, 0.5656949917086682), (0.7510122869991643, 0.413739094009887), (0.605, 0.7401), (0.221, 0.191)]%

--------------RUN6--------------
Execution time: 1134.95 seconds
MST cost: 3.7846
Result fitness: 2.9279
Improvement over MST: 25.53%
Result: [(0.362762017436777, 0.5408753387682215), (0.753082421811329, 0.507993213400978), (0.5848, 0.3452), (0.5100568325435652, 0.5401972447825463), (0.5881272140451097, 0.30800509739211024), (0.275, 0.295), (0.6517902228652623, 0.9155149851899071), (0.32880000000000004, 0.5711), (0.23500000000000001, 0.21509999999999999), (0.121, 0.151), (0.751073359926217, 0.4136323804686769), (0.6009089221922083, 0.7388981360116836), (0.6289, 0.7611), (0.221, 0.191), (0.259, 0.259)]%

--------------RUN7--------------
Execution time: 1024.08 seconds
MST cost: 3.7846
Result fitness: 2.9408
Improvement over MST: 25.09%
Result: [(0.7189, 0.459), (0.72353030119748, 0.4437908232507933), (0.229, 0.199), (0.5142, 0.5391), (0.519, 0.491), (0.6014191936237155, 0.7389931798118343), (0.6517902228652623, 0.9155149851899071), (0.234, 0.2058), (0.590518490617337, 0.3474300206115976), (0.121, 0.151), (0.6251, 0.7651), (0.631, 0.7709), (0.7508733599262171, 0.4137323804686769), (0.6218428570147729, 0.7654334139052348), (0.6908704849020437, 0.5645795140821711), (0.631, 0.809)]%

--------------RUN8--------------
Execution time: 1322.53 seconds
MST cost: 3.7846
Result fitness: 2.8676
Improvement over MST: 27.57%
Result: [(0.589, 0.3492), (0.7275134044038319, 0.4458922429726724), (0.6101379736091691, 0.7599969192968599), (0.221, 0.191), (0.750973359926217, 0.4137323804686769), (0.5640062021521092, 0.6923001552689924), (0.6559578117405914, 0.9038437073268457), (0.6251, 0.765), (0.3890062021521091, 0.5172001552689923), (0.3209, 0.5790000000000001), (0.3851, 0.5151), (0.129, 0.151), (0.631, 0.771), (0.5624013680287221, 0.6748512328263719), (0.605, 0.7351), (0.23900000000000002, 0.219), (0.7209, 0.5208)]%

--------------RUN9--------------
Execution time: 1224.60 seconds
MST cost: 3.7846
Result fitness: 2.8687
Improvement over MST: 27.53%
Result: [(0.10900000000000001, 0.14900000000000002), (0.6857704849020437, 0.5747795140821711), (0.7303661896012249, 0.4457704340902216), (0.636, 0.7659), (0.6456281658329706, 0.9139639443751966), (0.6009954755213551, 0.7310067036868408), (0.23939895044911844, 0.21835536460371038), (0.271, 0.299), (0.7100641279825367, 0.36002711224576445), (0.329, 0.5710000000000001), (0.750973359926217, 0.4137323804686769), (0.6008, 0.7311), (0.3839, 0.5161), (0.389, 0.519), (0.5442, 0.6742), (0.225, 0.195), (0.5892, 0.3491)]%

--------------RUN10--------------
Execution time: 657.78 seconds
MST cost: 3.7846
Result fitness: 2.9480
Improvement over MST: 24.85%
Result: [(0.1251, 0.1549), (0.23900000000000002, 0.211), (0.6018128580764102, 0.7389466122868783), (0.721, 0.451), (0.750973359926217, 0.4137323804686769), (0.635, 0.775), (0.7510212567675048, 0.4136953291076353), (0.7234341269284588, 0.4435551488303223), (0.629, 0.769), (0.5889, 0.3089), (0.6756704849020437, 0.5797795140821711), (0.251, 0.251), (0.519, 0.501), (0.6466902228652623, 0.910414985189907), (0.221, 0.191), (0.49929999999999997, 0.5391), (0.5861999999999999, 0.34380000000000005), (0.721, 0.451)]%

--------------AVERAGE--------------
Execution time: 1110.10 seconds
Result cost: 2.8930
Improvement over MST: 26.71%

