--------------RUN1--------------
Execution time: 879.10 seconds
MST cost: 3.7846
Result fitness: 2.8929
Improvement over MST: 26.71%
Result: [(0.489, 0.551), (0.5076033934356715, 0.5246236752048234), (0.589, 0.34900000000000003), (0.325, 0.5750000000000001), (0.6388, 0.8087000000000001), (0.629, 0.769), (0.6517902228652623, 0.915514985189907), (0.531, 0.661), (0.35863160576877073, 0.5415192473294198), (0.750973359926217, 0.4136323804686769), (0.47394477982681926, 0.5890582715911505), (0.721, 0.459), (0.639, 0.7789), (0.6950000000000001, 0.365), (0.229, 0.199), (0.6034744843452979, 0.7320216718543577), (0.129, 0.151), (0.6908704849020437, 0.5645795140821711), (0.6091, 0.761)]%

--------------RUN2--------------
Execution time: 1497.52 seconds
MST cost: 3.7846
Result fitness: 2.8679
Improvement over MST: 27.56%
Result: [(0.381, 0.5192), (0.6959704849020437, 0.5696795140821711), (0.6020621359190523, 0.30520462340587445), (0.6516902228652623, 0.915414985189907), (0.10500000000000001, 0.14500000000000002), (0.7233341269284588, 0.4436551488303223), (0.539, 0.669), (0.329, 0.5710000000000001), (0.750973359926217, 0.4137323804686769), (0.6036999393703882, 0.7594608590189301), (0.23900000000000002, 0.219), (0.6036999393703882, 0.7594608590189301), (0.605, 0.735), (0.329, 0.5710000000000001), (0.225, 0.19519999999999998), (0.5851, 0.34500000000000003), (0.381, 0.5261), (0.6159, 0.7859), (0.6908704849020437, 0.5645795140821711), (0.6908704849020437, 0.5645795140821711), (0.6959704849020437, 0.5696795140821711), (0.6020621359190523, 0.30520462340587445), (0.23900000000000002, 0.219), (0.631, 0.801), (0.431, 0.499), (0.23900000000000002, 0.219), (0.10500000000000001, 0.14500000000000002), (0.6036999393703882, 0.7594608590189301), (0.39, 0.55), (0.269, 0.28900000000000003), (0.4, 0.6), (0.19, 0.16), (0.631, 0.801), (0.721, 0.451), (0.7233341269284588, 0.4436551488303223), (0.23900000000000002, 0.219), (0.431, 0.499)]%

--------------RUN3--------------
Execution time: 755.07 seconds
MST cost: 3.7846
Result fitness: 2.8956
Improvement over MST: 26.62%
Result: [(0.6051166719683547, 0.7648854892790773), (0.729, 0.451), (0.639, 0.779), (0.5309, 0.6609), (0.25880000000000003, 0.25880000000000003), (0.5918780539647376, 0.34380697312324304), (0.221, 0.191), (0.750973359926217, 0.4137323804686769), (0.6291, 0.7692), (0.6754992100976206, 0.8853203395696638), (0.3889, 0.511), (0.605, 0.735), (0.6908704849020437, 0.5896795140821711), (0.6950000000000001, 0.3648), (0.10490000000000001, 0.14500000000000002), (0.439, 0.491)]%

--------------RUN4--------------
Execution time: 1697.54 seconds
MST cost: 3.7846
Result fitness: 2.8568
Improvement over MST: 27.94%
Result: [(0.6908704849020437, 0.5796795140821711), (0.7246084934949516, 0.4443375203195044), (0.23939895044911844, 0.21835536460371038), (0.10500000000000001, 0.14500000000000002), (0.6106348346255084, 0.756069679662086), (0.589, 0.34900000000000003), (0.6888205615091586, 0.5789421596274891), (0.7389305068172202, 0.43911483749991986), (0.721, 0.4691), (0.6208653155962631, 0.7642054299244451), (0.381, 0.519), (0.761173359926217, 0.4036323804686769), (0.382131414665973, 0.5156127809409023), (0.329, 0.5710000000000001), (0.6544043996181204, 0.9086832758098327), (0.751073359926217, 0.4137323804686769), (0.605, 0.735), (0.435, 0.495), (0.229, 0.199), (0.629, 0.7612), (0.129, 0.151), (0.5649, 0.6949), (0.385, 0.515), (0.27090000000000003, 0.2991)]%

--------------RUN5--------------
Execution time: 654.18 seconds
MST cost: 3.7846
Result fitness: 2.9225
Improvement over MST: 25.71%
Result: [(0.6517902228652623, 0.915514985189907), (0.585, 0.34500000000000003), (0.39119423079783733, 0.5052730007237984), (0.6049821818300891, 0.7349809335678108), (0.7211, 0.5409), (0.27490000000000003, 0.2951), (0.539, 0.669), (0.125, 0.1549), (0.7316925429322518, 0.4419767869832827), (0.589, 0.309), (0.7010000000000001, 0.889), (0.7253463442082171, 0.4352623033127829), (0.609, 0.7609), (0.629, 0.7691), (0.6991, 0.3691), (0.22080000000000002, 0.19090000000000001), (0.101, 0.14100000000000001), (0.23900000000000002, 0.219)]%

--------------RUN6--------------
Execution time: 1048.33 seconds
MST cost: 3.7846
Result fitness: 2.8786
Improvement over MST: 27.20%
Result: [(0.7286617031689624, 0.4460127533815141), (0.585, 0.34500000000000003), (0.601, 0.731), (0.5309975144582902, 0.6609719143069117), (0.329, 0.5710000000000001), (0.750973359926217, 0.4137323804686769), (0.6612204383471978, 0.8772735717103516), (0.121, 0.151), (0.121, 0.151), (0.6667160040390063, 0.9037492268627555), (0.629, 0.769), (0.6311, 0.7711), (0.451, 0.489), (0.5310975144582902, 0.6609719143069117), (0.7099, 0.5299), (0.385, 0.5151), (0.23900000000000002, 0.2139), (0.7251, 0.5449), (0.2291, 0.1991), (0.381, 0.519)]%

--------------RUN7--------------
Execution time: 879.47 seconds
MST cost: 3.7846
Result fitness: 2.8811
Improvement over MST: 27.11%
Result: [(0.601, 0.761), (0.70081558829366, 0.9154055848613294), (0.23890000000000003, 0.21109999999999998), (0.605, 0.735), (0.5941, 0.3461), (0.321, 0.5790000000000001), (0.750973359926217, 0.4137323804686769), (0.6269653122258355, 0.7649132365657124), (0.7241, 0.4459), (0.121, 0.151), (0.225, 0.195), (0.5589, 0.6889), (0.6908704849020437, 0.5896795140821711), (0.381, 0.519), (0.7010000000000001, 0.881)]%

--------------RUN8--------------
Execution time: 1438.20 seconds
MST cost: 3.7846
Result fitness: 2.8606
Improvement over MST: 27.81%
Result: [(0.635, 0.775), (0.6091, 0.769), (0.3813539432337239, 0.5188913234549515), (0.6251, 0.765), (0.5891, 0.3491), (0.251, 0.251), (0.7293527224808859, 0.4457553465631935), (0.4001, 0.5999), (0.6907704849020437, 0.5746795140821711), (0.750973359926217, 0.4137323804686769), (0.381, 0.519), (0.2251, 0.1951), (0.57, 0.7), (0.329, 0.5710000000000001), (0.1248, 0.15519999999999998), (0.605, 0.735), (0.635, 0.795), (0.6477305581765401, 0.91451979041142), (0.567027770175642, 0.6732641669783102), (0.23900000000000002, 0.219)]%

--------------RUN9--------------
Execution time: 1047.85 seconds
MST cost: 3.7846
Result fitness: 2.9352
Improvement over MST: 25.28%
Result: [(0.129, 0.159), (0.7099753844221709, 0.5219714454518387), (0.6814853011484234, 0.5337945326173021), (0.251, 0.251), (0.589, 0.34900000000000003), (0.629, 0.769), (0.225, 0.195), (0.729, 0.541), (0.5851, 0.555), (0.729, 0.451), (0.6390846592662517, 0.5843470719251471), (0.5220594797385709, 0.48107253096346625), (0.751073359926217, 0.4137323804686769), (0.605, 0.735), (0.631, 0.771), (0.6105642295094741, 0.7665651488997806), (0.6456401823451253, 0.9138875819502091), (0.4791, 0.489), (0.3989855753920902, 0.5126760506681384)]%

--------------RUN10--------------
Execution time: 1436.19 seconds
MST cost: 3.7846
Result fitness: 2.9173
Improvement over MST: 25.88%
Result: [(0.725, 0.455), (0.261, 0.281), (0.10900000000000001, 0.14870000000000005), (0.5851, 0.34490000000000004), (0.5889, 0.3091), (0.6898276228804937, 0.5743505859873227), (0.629, 0.761), (0.6897276228804938, 0.5744505859873227), (0.225, 0.195), (0.481, 0.551), (0.655596061388542, 0.9051227491768493), (0.7269665987975934, 0.44635068785699034), (0.6011, 0.739), (0.329, 0.5710000000000001), (0.5092962573519199, 0.5260002092465875), (0.23900000000000002, 0.211), (0.35851668208800586, 0.5415346794797842), (0.499, 0.531), (0.751073359926217, 0.4136323804686769), (0.129, 0.151)]%

--------------AVERAGE--------------
Execution time: 1133.35 seconds
Result cost: 2.8909
Improvement over MST: 26.78%

