--------------RUN1--------------
Execution time: 760.50 seconds
MST cost: 3.7846
Result fitness: 2.9144
Improvement over MST: 25.98%
Result: [(0.22671285860245705, 0.19296880930695243), (0.629, 0.761), (0.539, 0.669), (0.6122133729049783, 0.7689179798425971), (0.121, 0.151), (0.7007000000000001, 0.881), (0.6041, 0.3491), (0.605, 0.735), (0.6908704849020437, 0.5645795140821711), (0.3948942289062571, 0.51503516724753), (0.255, 0.255), (0.729, 0.451)]%

--------------RUN2--------------
Execution time: 1021.16 seconds
MST cost: 3.7846
Result fitness: 2.8656
Improvement over MST: 27.64%
Result: [(0.6302565073990425, 0.7683805490281971), (0.539, 0.669), (0.1209, 0.151), (0.389, 0.519), (0.7246084934949516, 0.4445375203195044), (0.6517902228652623, 0.9155149851899071), (0.265, 0.28500000000000003), (0.6960704849020437, 0.5695795140821711), (0.750973359926217, 0.4086323804686769), (0.6009, 0.7309), (0.22490000000000002, 0.195), (0.23900000000000002, 0.219), (0.6022811191338837, 0.35377070709892333)]%

--------------RUN3--------------
Execution time: 604.81 seconds
MST cost: 3.7846
Result fitness: 2.9517
Improvement over MST: 24.73%
Result: [(0.6517902228652623, 0.915514985189907), (0.585, 0.34500000000000003), (0.6289, 0.761), (0.321, 0.5790000000000001), (0.22890000000000002, 0.19890000000000002), (0.750973359926217, 0.4137323804686769), (0.129, 0.151), (0.601, 0.7388), (0.7246215907359503, 0.4444444250393866), (0.2791, 0.2989), (0.721, 0.4591), (0.6908704849020437, 0.5645795140821711), (0.381, 0.519), (0.439, 0.491)]%

--------------RUN4--------------
Execution time: 1051.91 seconds
MST cost: 3.7846
Result fitness: 2.8813
Improvement over MST: 27.10%
Result: [(0.6048, 0.735), (0.6079526997060065, 0.7743888704192513), (0.7052653450091166, 0.5208610373354485), (0.7244340996914493, 0.4443978918609819), (0.3459, 0.5541), (0.6345498134360449, 0.8052047818654201), (0.459, 0.4809), (0.5848, 0.34500000000000003), (0.6139, 0.7611), (0.750973359926217, 0.4137323804686769), (0.225, 0.195), (0.121, 0.1509), (0.6517902228652623, 0.915514985189907), (0.385, 0.5151), (0.325, 0.5748000000000001), (0.5351, 0.6648000000000001), (0.7291, 0.5489), (0.3802042467437621, 0.5417303368504348), (0.23900000000000002, 0.219)]%

--------------RUN5--------------
Execution time: 763.98 seconds
MST cost: 3.7846
Result fitness: 2.8860
Improvement over MST: 26.94%
Result: [(0.5411, 0.6711), (0.729, 0.459), (0.631, 0.801), (0.451, 0.481), (0.3950901208854713, 0.5082027304801175), (0.750973359926217, 0.4137323804686769), (0.22890000000000002, 0.19890000000000002), (0.275, 0.295), (0.601, 0.731), (0.6908704849020437, 0.5645795140821711), (0.129, 0.151), (0.6159, 0.7859), (0.589, 0.34900000000000003), (0.6439358116393664, 0.9247886797561149), (0.6439358116393664, 0.9247886797561149)]%

--------------RUN6--------------
Execution time: 1361.95 seconds
MST cost: 3.7846
Result fitness: 2.8494
Improvement over MST: 28.19%
Result: [(0.6389, 0.791), (0.259, 0.259), (0.608943965649078, 0.7574387902293098), (0.589, 0.34900000000000003), (0.7291855635896768, 0.44574474486000476), (0.3891, 0.5111), (0.751173359926217, 0.4036323804686769), (0.3289, 0.5710000000000001), (0.3796206320109416, 0.5378385177357061), (0.629, 0.769), (0.362662017436777, 0.5409753387682215), (0.639, 0.779), (0.605, 0.735), (0.09970000000000001, 0.14), (0.6908704849020437, 0.5750795140821711), (0.229, 0.199), (0.6566902228652624, 0.910514985189907), (0.459, 0.481), (0.5660000000000001, 0.6959000000000001)]%

--------------RUN7--------------
Execution time: 966.35 seconds
MST cost: 3.7846
Result fitness: 2.8705
Improvement over MST: 27.47%
Result: [(0.23929999999999998, 0.2189), (0.5796866197436011, 0.3401656247978835), (0.6517902228652623, 0.915514985189907), (0.261, 0.281), (0.229, 0.199), (0.539, 0.669), (0.629, 0.7611), (0.329, 0.5710000000000001), (0.3818220111082268, 0.5440029435316879), (0.385, 0.515), (0.7289, 0.451), (0.1211, 0.151), (0.3441, 0.5559000000000001), (0.609, 0.761), (0.605, 0.735), (0.6908704849020437, 0.5896795140821711), (0.439, 0.491), (0.381, 0.511)]%

--------------RUN8--------------
Execution time: 740.25 seconds
MST cost: 3.7846
Result fitness: 2.8719
Improvement over MST: 27.42%
Result: [(0.221, 0.1911), (0.72980483213216, 0.44577185320719565), (0.6517902228652623, 0.915514985189907), (0.250409942649576, 0.23914755550330757), (0.325, 0.5750000000000001), (0.629, 0.7611), (0.10400000000000002, 0.14600000000000002), (0.609, 0.739), (0.750973359926217, 0.4137323804686769), (0.594, 0.3541), (0.3799963801739031, 0.5202512048705699), (0.6062, 0.7441), (0.7013275520108355, 0.5232833558791006), (0.535, 0.665), (0.7289, 0.5491)]%

--------------RUN9--------------
Execution time: 490.75 seconds
MST cost: 3.7846
Result fitness: 2.9501
Improvement over MST: 24.78%
Result: [(0.129, 0.1589), (0.6517902228652623, 0.915514985189907), (0.7211595251711653, 0.4416547769295286), (0.6909704849020437, 0.5697795140821711), (0.6301255601246394, 0.7615184327692858), (0.485, 0.555), (0.5222184868598752, 0.5404675466165065), (0.601, 0.739), (0.750973359926217, 0.4137323804686769), (0.225, 0.195), (0.601, 0.739), (0.601, 0.739), (0.589, 0.34900000000000003), (0.5149, 0.505), (0.23900000000000002, 0.219), (0.721, 0.451), (0.269, 0.28900000000000003), (0.19, 0.16), (0.4, 0.6)]%

--------------RUN10--------------
Execution time: 1059.54 seconds
MST cost: 3.7846
Result fitness: 2.9214
Improvement over MST: 25.74%
Result: [(0.729, 0.451), (0.1209, 0.1509), (0.7442355286998172, 0.5128780672775183), (0.35850262255446863, 0.54157382005791), (0.519, 0.491), (0.6518902228652623, 0.925514985189907), (0.259, 0.2589), (0.329, 0.5711), (0.746073359926217, 0.4084323804686769), (0.6080526997060065, 0.7745888704192513), (0.6309, 0.801), (0.2291, 0.1991), (0.519, 0.501), (0.5222184868598752, 0.5404675466165065), (0.6012, 0.739), (0.589, 0.34900000000000003), (0.729, 0.451)]%

--------------AVERAGE--------------
Execution time: 882.12 seconds
Result cost: 2.8962
Improvement over MST: 26.60 %

