--------------RUN1--------------
Execution time: 178.69 seconds
MST cost: 3.0185
Result fitness: 2.3067
Improvement over MST: 26.74%
Result: [(0.735, 0.485), (0.6910000000000001, 0.489), (0.621, 0.47100000000000003), (0.649, 0.491), (0.7671697170606196, 0.5118670929135969), (0.425, 0.35500000000000004), (0.505, 0.41500000000000004), (0.35900000000000004, 0.5710000000000001), (0.14900000000000002, 0.41900000000000004), (0.5710000000000001, 0.431), (0.375, 0.34500000000000003), (0.645, 0.495), (0.509, 0.41900000000000004), (0.485, 0.395), (0.17500000000000002, 0.525), (0.429, 0.491), (0.41500000000000004, 0.515), (0.47100000000000003, 0.391), (0.41500000000000004, 0.34500000000000003), (0.245, 0.375)]%

--------------RUN2--------------
Execution time: 376.31 seconds
MST cost: 3.0185
Result fitness: 2.1469
Improvement over MST: 33.75%
Result: [(0.6950000000000001, 0.485), (0.5096252429360006, 0.42104012789636724), (0.41100000000000003, 0.34900000000000003), (0.7649, 0.515), (0.24880000000000002, 0.3712), (0.5750000000000001, 0.435), (0.4177698505070181, 0.49040873897437753), (0.6990000000000001, 0.481), (0.5710000000000001, 0.43119999999999997), (0.1458242655782554, 0.42254069573365133), (0.48109999999999997, 0.39880000000000004), (0.645, 0.495), (0.3791, 0.341), (0.6209, 0.4706000000000001), (0.17900000000000002, 0.5292), (0.30110000000000003, 0.651), (0.6990000000000001, 0.481)]%

--------------RUN3--------------
Execution time: 559.74 seconds
MST cost: 3.0185
Result fitness: 2.1408
Improvement over MST: 34.02%
Result: [(0.441, 0.361), (0.41900000000000004, 0.34900000000000003), (0.6950000000000001, 0.485), (0.699098069330236, 0.48155177799989146), (0.501, 0.41900000000000004), (0.421, 0.35100000000000003), (0.47100000000000003, 0.391), (0.485, 0.395), (0.17900000000000002, 0.529), (0.5710719383590456, 0.4309727140706767), (0.371, 0.341), (0.14582426557825542, 0.42244069573365134), (0.2891, 0.6391), (0.421, 0.499), (0.241, 0.371), (0.6449, 0.4949), (0.761, 0.511), (0.625, 0.47500000000000003)]%

--------------RUN4--------------
Execution time: 520.66 seconds
MST cost: 3.0185
Result fitness: 2.2826
Improvement over MST: 27.77%
Result: [(0.6910000000000001, 0.489), (0.621, 0.47100000000000003), (0.5089, 0.41910000000000003), (0.17900000000000002, 0.529), (0.649, 0.491), (0.4151, 0.5149), (0.14510725657808954, 0.4229515730685129), (0.641028674402454, 0.4910452818174757), (0.35900000000000004, 0.5710000000000001), (0.42119999999999996, 0.35090000000000005), (0.41100000000000003, 0.34900000000000003), (0.321, 0.339), (0.485, 0.395), (0.731, 0.489), (0.5710000000000001, 0.4309), (0.245, 0.375), (0.421, 0.4911), (0.4711, 0.3911), (0.761, 0.511), (0.5750000000000001, 0.435)]%

--------------RUN5--------------
Execution time: 394.15 seconds
MST cost: 3.0185
Result fitness: 2.1294
Improvement over MST: 34.54%
Result: [(0.33360000000000006, 0.3442), (0.16238092901730247, 0.4420817673868026), (0.29583618985805193, 0.6449493189741875), (0.7611, 0.519), (0.5790000000000001, 0.431), (0.241, 0.3789), (0.41890000000000005, 0.34900000000000003), (0.4959, 0.42410000000000003), (0.642582585510624, 0.4927578097418726), (0.739, 0.489), (0.6871136230313012, 0.4883730058681991), (0.16372162707129756, 0.442699986062077), (0.17500000000000002, 0.525), (0.429, 0.4908)]%

--------------RUN6--------------
Execution time: 473.26 seconds
MST cost: 3.0185
Result fitness: 2.1312
Improvement over MST: 34.46%
Result: [(0.2851, 0.6351), (0.32080000000000003, 0.33890000000000003), (0.6950000000000001, 0.485), (0.429, 0.491), (0.41100000000000003, 0.34900000000000003), (0.7313, 0.48919999999999997), (0.5052973370766781, 0.415756421157088), (0.245, 0.375), (0.5711, 0.431), (0.17500000000000002, 0.525), (0.5051, 0.41480000000000006), (0.6251, 0.47500000000000003), (0.645, 0.495), (0.15890000000000004, 0.43410000000000004), (0.761, 0.511)]%

--------------RUN7--------------
Execution time: 417.06 seconds
MST cost: 3.0185
Result fitness: 2.2931
Improvement over MST: 27.32%
Result: [(0.36000000000000004, 0.5751000000000001), (0.1751, 0.525), (0.421, 0.491), (0.489, 0.399), (0.5087, 0.41890000000000005), (0.13977121300485199, 0.420952920649539), (0.41900000000000004, 0.34900000000000003), (0.449, 0.369), (0.6950000000000001, 0.485), (0.37396671477670496, 0.3462677870401), (0.5790000000000001, 0.439), (0.49224549009288093, 0.43424142598864357), (0.5710000000000001, 0.431), (0.5051, 0.41490000000000005), (0.645, 0.495), (0.6209, 0.47100000000000003), (0.41500000000000004, 0.515), (0.421, 0.35100000000000003), (0.47100000000000003, 0.391), (0.7299, 0.4901), (0.245, 0.375), (0.761, 0.511)]%

--------------RUN8--------------
Execution time: 333.01 seconds
MST cost: 3.0185
Result fitness: 2.1246
Improvement over MST: 34.76%
Result: [(0.641, 0.491), (0.441, 0.361), (0.761, 0.511), (0.14900000000000002, 0.41900000000000004), (0.6990000000000001, 0.489), (0.27990000000000004, 0.6303), (0.5710000000000001, 0.431), (0.501, 0.41900000000000004), (0.429, 0.491), (0.421, 0.35100000000000003), (0.3749, 0.34490000000000004), (0.17900000000000002, 0.529), (0.2449, 0.375), (0.731, 0.489), (0.625, 0.47500000000000003), (0.5750000000000001, 0.435)]%

--------------RUN9--------------
Execution time: 305.09 seconds
MST cost: 3.0185
Result fitness: 2.2932
Improvement over MST: 27.31%
Result: [(0.41900000000000004, 0.34900000000000003), (0.171, 0.521), (0.6950000000000001, 0.485), (0.501, 0.41900000000000004), (0.5710000000000001, 0.431), (0.429, 0.491), (0.41500000000000004, 0.515), (0.241, 0.379), (0.629, 0.47900000000000004), (0.6990000000000001, 0.481), (0.4209, 0.3511), (0.645, 0.495), (0.321, 0.339), (0.16637491009984284, 0.435909652886892), (0.761, 0.511), (0.35900000000000004, 0.5710000000000001), (0.5750000000000001, 0.435)]%

--------------RUN10--------------
Execution time: 569.63 seconds
MST cost: 3.0185
Result fitness: 2.1341
Improvement over MST: 34.33%
Result: [(0.641, 0.491), (0.425, 0.495), (0.6909362610346392, 0.489207142411395), (0.14130469197615897, 0.40864125291906556), (0.6248, 0.4752), (0.501, 0.41900000000000004), (0.5712, 0.431), (0.5750000000000001, 0.435), (0.489, 0.399), (0.47100000000000003, 0.3911), (0.17900000000000002, 0.529), (0.245, 0.375), (0.731, 0.4889), (0.41890000000000005, 0.3492), (0.321, 0.339), (0.28900000000000003, 0.639), (0.761, 0.511), (0.1351, 0.42)]%

--------------AVERAGE--------------
Execution time: 412.76 seconds
Result cost: 2.1982
Improvement over MST: 31.50%

