--------------RUN1--------------
Execution time: 270.67 seconds
MST cost: 3.0185
Result fitness: 2.1433
Improvement over MST: 33.91%
Result: [(0.47500000000000003, 0.395), (0.761, 0.511), (0.29510000000000003, 0.6451), (0.6950000000000001, 0.485), (0.621, 0.47100000000000003), (0.501, 0.41900000000000004), (0.421, 0.35100000000000003), (0.5710000000000001, 0.4311), (0.13709494777028303, 0.40995942678866737), (0.4289, 0.491), (0.375, 0.34500000000000003), (0.645, 0.495), (0.321, 0.339), (0.17500000000000002, 0.525), (0.731, 0.489), (0.5750000000000001, 0.435)]%

--------------RUN2--------------
Execution time: 410.42 seconds
MST cost: 3.0185
Result fitness: 2.2943
Improvement over MST: 27.26%
Result: [(0.6910000000000001, 0.489), (0.425, 0.3551), (0.621, 0.47100000000000003), (0.5049, 0.41490000000000005), (0.489, 0.399), (0.649, 0.491), (0.421, 0.499), (0.1411, 0.41890000000000005), (0.641, 0.491), (0.41507829229700194, 0.34507943705526967), (0.249, 0.371), (0.739, 0.489), (0.35900000000000004, 0.5710000000000001), (0.5751000000000001, 0.4349), (0.5710000000000001, 0.431), (0.5089, 0.41890000000000005), (0.375, 0.34500000000000003), (0.47090000000000004, 0.391), (0.321, 0.339), (0.17500000000000002, 0.525), (0.7609, 0.511), (0.41500000000000004, 0.515)]%

--------------RUN3--------------
Execution time: 266.81 seconds
MST cost: 3.0185
Result fitness: 2.1738
Improvement over MST: 32.54%
Result: [(0.501, 0.41090000000000004), (0.621, 0.47100000000000003), (0.6409, 0.491), (0.24509999999999998, 0.375), (0.5049, 0.41490000000000005), (0.421, 0.499), (0.425, 0.35500000000000004), (0.7611, 0.5111), (0.41900000000000004, 0.34900000000000003), (0.4888, 0.3991), (0.6990000000000001, 0.48119999999999996), (0.1752, 0.5253), (0.5710000000000001, 0.431), (0.2551, 0.6051), (0.5091, 0.41910000000000003), (0.6909000000000001, 0.489), (0.47100000000000003, 0.391), (0.3792, 0.34080000000000005), (0.14080000000000004, 0.41910000000000003)]%

--------------RUN4--------------
Execution time: 485.52 seconds
MST cost: 3.0185
Result fitness: 2.1303
Improvement over MST: 34.50%
Result: [(0.735, 0.485), (0.6910000000000001, 0.489), (0.621, 0.47100000000000003), (0.17900000000000002, 0.529), (0.649, 0.491), (0.641, 0.491), (0.41900000000000004, 0.34900000000000003), (0.3042, 0.6542), (0.481, 0.399), (0.425, 0.495), (0.5710000000000001, 0.431), (0.41100000000000003, 0.34900000000000003), (0.765, 0.515), (0.241, 0.379), (0.14580857312567513, 0.422459689336379), (0.321, 0.339), (0.5801000000000001, 0.4401), (0.501, 0.41900000000000004), (0.421, 0.35100000000000003), (0.135, 0.42)]%

--------------RUN5--------------
Execution time: 187.41 seconds
MST cost: 3.0185
Result fitness: 2.3148
Improvement over MST: 26.39%
Result: [(0.5749000000000001, 0.4349), (0.24509999999999998, 0.375), (0.17900000000000002, 0.529), (0.769, 0.519), (0.371, 0.341), (0.421, 0.499), (0.441, 0.361), (0.505, 0.41500000000000004), (0.6950000000000001, 0.485), (0.17900000000000002, 0.481), (0.35900000000000004, 0.5710000000000001), (0.41100000000000003, 0.519), (0.47900000000000004, 0.391), (0.1825347483038498, 0.43507906871614715), (0.645, 0.495), (0.485, 0.395), (0.731, 0.489), (0.421, 0.35100000000000003), (0.41900000000000004, 0.5059), (0.629, 0.47900000000000004)]%

--------------RUN6--------------
Execution time: 632.38 seconds
MST cost: 3.0185
Result fitness: 2.1407
Improvement over MST: 34.03%
Result: [(0.6989986915475651, 0.4888021561312177), (0.501, 0.4193), (0.429, 0.4908), (0.1791, 0.5291), (0.641, 0.491), (0.489, 0.39890000000000003), (0.5752, 0.435), (0.429, 0.35100000000000003), (0.14900000000000002, 0.41900000000000004), (0.24109999999999998, 0.3791), (0.4492, 0.3691), (0.41100000000000003, 0.34900000000000003), (0.31410000000000005, 0.6641), (0.321, 0.339), (0.731, 0.489), (0.6209, 0.47100000000000003), (0.47100000000000003, 0.391), (0.5711, 0.431), (0.761, 0.511)]%

--------------RUN7--------------
Execution time: 666.79 seconds
MST cost: 3.0185
Result fitness: 2.1416
Improvement over MST: 33.99%
Result: [(0.24500007400545037, 0.37499972184775415), (0.6910000000000001, 0.489), (0.489, 0.399), (0.371, 0.341), (0.5709000000000001, 0.4311), (0.4291, 0.491), (0.5790000000000001, 0.4391), (0.1659, 0.4541), (0.2701, 0.6201), (0.6491, 0.491), (0.625, 0.47500000000000003), (0.2701, 0.6303), (0.17500000000000002, 0.525), (0.501, 0.41900000000000004), (0.421, 0.35100000000000003), (0.6448, 0.49470000000000003), (0.47100000000000003, 0.391), (0.7309, 0.48919999999999997), (0.761, 0.511), (0.3709, 0.341)]%

--------------RUN8--------------
Execution time: 172.09 seconds
MST cost: 3.0185
Result fitness: 2.2981
Improvement over MST: 27.10%
Result: [(0.171, 0.5209), (0.425, 0.495), (0.6449, 0.4951), (0.501, 0.41900000000000004), (0.6991, 0.4809), (0.5710000000000001, 0.431), (0.41100000000000003, 0.34900000000000003), (0.3592, 0.5789000000000001), (0.245, 0.375), (0.1678102092491904, 0.4369966143288962), (0.4178040981303826, 0.5175649135771674), (0.321, 0.339), (0.625, 0.47490000000000004), (0.761, 0.511), (0.41100000000000003, 0.519), (0.425, 0.35500000000000004)]%

--------------RUN9--------------
Execution time: 164.27 seconds
MST cost: 3.0185
Result fitness: 2.3086
Improvement over MST: 26.65%
Result: [(0.761, 0.511), (0.1751, 0.525), (0.6950000000000001, 0.485), (0.4751, 0.39490000000000003), (0.5710000000000001, 0.431), (0.731, 0.4809), (0.429, 0.491), (0.241, 0.379), (0.329, 0.339), (0.41500000000000004, 0.34500000000000003), (0.4151, 0.5149), (0.14100000000000001, 0.41900000000000004), (0.5790000000000001, 0.439), (0.429, 0.35900000000000004), (0.645, 0.495), (0.35500000000000004, 0.5750000000000001), (0.5009, 0.41890000000000005), (0.625, 0.47500000000000003), (0.75, 0.5)]%

--------------RUN10--------------
Execution time: 576.02 seconds
MST cost: 3.0185
Result fitness: 2.1393
Improvement over MST: 34.09%
Result: [(0.761, 0.511), (0.6950000000000001, 0.485), (0.429, 0.491), (0.501, 0.41900000000000004), (0.14900000000000002, 0.41910000000000003), (0.731, 0.481), (0.241, 0.379), (0.41890000000000005, 0.34900000000000003), (0.421, 0.35100000000000003), (0.47100000000000003, 0.391), (0.329, 0.3391), (0.29910000000000003, 0.6491), (0.375, 0.34500000000000003), (0.645, 0.495), (0.5709000000000001, 0.43119999999999997), (0.17890000000000003, 0.529), (0.4891, 0.3991), (0.625, 0.47500000000000003)]%

--------------AVERAGE--------------
Execution time: 383.24 seconds
Result cost: 2.2085
Improvement over MST: 31.05%

