--------------RUN1--------------
Execution time: 553.10 seconds
MST cost: 3.0185
Result fitness: 2.2847
Improvement over MST: 27.68%
Result: [(0.641, 0.491), (0.47500000000000003, 0.395), (0.6910000000000001, 0.489), (0.3342, 0.3442), (0.14900000000000002, 0.41900000000000004), (0.5710000000000001, 0.431), (0.41100000000000003, 0.34900000000000003), (0.4851, 0.3952), (0.5091, 0.41890000000000005), (0.421, 0.491), (0.40090000000000003, 0.5291), (0.649, 0.4909), (0.4153803343255821, 0.5180678183455293), (0.2449, 0.3749), (0.739, 0.489), (0.17500000000000002, 0.525), (0.761, 0.511), (0.625, 0.47500000000000003)]%

--------------RUN2--------------
Execution time: 625.53 seconds
MST cost: 3.0185
Result fitness: 2.1577
Improvement over MST: 33.26%
Result: [(0.21014611889709667, 0.4100845517828129), (0.17900000000000002, 0.529), (0.4711, 0.391), (0.371, 0.341), (0.2759, 0.6339000000000001), (0.42519999999999997, 0.3552), (0.249, 0.371), (0.739, 0.489), (0.5752, 0.435), (0.15910000000000002, 0.40890000000000004), (0.1468484024470701, 0.42263750496467795), (0.6950000000000001, 0.4849), (0.3711, 0.341), (0.47900000000000004, 0.391), (0.429, 0.4911), (0.645, 0.495), (0.7651, 0.5151), (0.5050244011949871, 0.415096982125477), (0.421, 0.35100000000000003), (0.245, 0.375), (0.6209, 0.47090000000000004)]%

--------------RUN3--------------
Execution time: 486.49 seconds
MST cost: 3.0185
Result fitness: 2.2896
Improvement over MST: 27.47%
Result: [(0.735, 0.485), (0.621, 0.47100000000000003), (0.35890000000000005, 0.5711), (0.5750000000000001, 0.435), (0.489, 0.399), (0.17900000000000002, 0.529), (0.421, 0.499), (0.425, 0.35500000000000004), (0.47500000000000003, 0.395), (0.505, 0.41500000000000004), (0.41900000000000004, 0.34900000000000003), (0.6950000000000001, 0.485), (0.5790000000000001, 0.439), (0.15410000000000001, 0.4292), (0.41494412426586597, 0.5168767797082864), (0.41100000000000003, 0.519), (0.645, 0.495), (0.7608, 0.5109), (0.321, 0.339), (0.24519999999999997, 0.3752), (0.5790000000000001, 0.439)]%

--------------RUN4--------------
Execution time: 328.59 seconds
MST cost: 3.0185
Result fitness: 2.2191
Improvement over MST: 30.53%
Result: [(0.621, 0.47100000000000003), (0.505, 0.41500000000000004), (0.6950000000000001, 0.485), (0.505, 0.41500000000000004), (0.47500000000000003, 0.395), (0.14031684443158055, 0.42083111899365594), (0.6950000000000001, 0.485), (0.425, 0.495), (0.645, 0.495), (0.5750000000000001, 0.435), (0.7345956361519113, 0.48760663837185597), (0.4365396963045483, 0.36307994782215425), (0.17500000000000002, 0.525), (0.17500000000000002, 0.525), (0.17500000000000002, 0.525), (0.5709000000000001, 0.4308), (0.25589999999999996, 0.6161000000000001), (0.41500000000000004, 0.34500000000000003), (0.761, 0.511), (0.245, 0.375), (0.761, 0.511), (0.5750000000000001, 0.435), (0.4365396963045483, 0.36307994782215425), (0.5091, 0.41890000000000005), (0.425, 0.35500000000000004), (0.321, 0.339), (0.761, 0.511), (0.37225163535560757, 0.3482488573970064), (0.425, 0.35500000000000004), (0.171, 0.489)]%

--------------RUN5--------------
Execution time: 312.61 seconds
MST cost: 3.0185
Result fitness: 2.3025
Improvement over MST: 26.91%
Result: [(0.5789000000000001, 0.4391), (0.41100000000000003, 0.5192), (0.505, 0.4151), (0.17900000000000002, 0.529), (0.4291, 0.491), (0.425, 0.35500000000000004), (0.41900000000000004, 0.34900000000000003), (0.6950000000000001, 0.485), (0.7304168934247988, 0.4895820462914005), (0.241, 0.371), (0.321, 0.3391), (0.1426163408449918, 0.40878415953854536), (0.14100000000000001, 0.41900000000000004), (0.4181912180177766, 0.5180735587073122), (0.645, 0.495), (0.35100000000000003, 0.5790000000000001), (0.4752, 0.395), (0.5740000000000001, 0.434), (0.629, 0.47900000000000004), (0.4889, 0.399), (0.761, 0.511)]%

--------------RUN6--------------
Execution time: 249.74 seconds
MST cost: 3.0185
Result fitness: 2.1527
Improvement over MST: 33.49%
Result: [(0.47500000000000003, 0.395), (0.761, 0.511), (0.1411, 0.41900000000000004), (0.6950000000000001, 0.485), (0.621, 0.47100000000000003), (0.501, 0.41900000000000004), (0.5790000000000001, 0.431), (0.489, 0.399), (0.245, 0.375), (0.17900000000000002, 0.529), (0.645, 0.495), (0.421, 0.499), (0.29000000000000004, 0.6401), (0.731, 0.489), (0.41100000000000003, 0.341), (0.425, 0.35500000000000004), (0.41100000000000003, 0.341)]%

--------------RUN7--------------
Execution time: 636.63 seconds
MST cost: 3.0185
Result fitness: 2.2785
Improvement over MST: 27.94%
Result: [(0.41485746040527094, 0.5168819365202421), (0.6910000000000001, 0.489), (0.489, 0.399), (0.17900000000000002, 0.529), (0.649, 0.491), (0.641, 0.491), (0.47500000000000003, 0.395), (0.41900000000000004, 0.34900000000000003), (0.5790000000000001, 0.439), (0.625, 0.47500000000000003), (0.41100000000000003, 0.519), (0.4211, 0.499), (0.1632211755723038, 0.43191472738510234), (0.6208, 0.47100000000000003), (0.241, 0.379), (0.4239567302552238, 0.4951052802029218), (0.731, 0.489), (0.329, 0.3441), (0.421, 0.35100000000000003), (0.171, 0.489), (0.5711, 0.431), (0.5012, 0.41910000000000003), (0.3551, 0.5748000000000001), (0.761, 0.511)]%

--------------RUN8--------------
Execution time: 226.62 seconds
MST cost: 3.0185
Result fitness: 2.2952
Improvement over MST: 27.23%
Result: [(0.41097390491917224, 0.34896767615802554), (0.5025827362110444, 0.41597394089813616), (0.641, 0.4911), (0.171, 0.521), (0.5791000000000001, 0.4392), (0.621, 0.47100000000000003), (0.1675191858363044, 0.4370017905884452), (0.16748092901730247, 0.43698176738680256), (0.6912, 0.48919999999999997), (0.429, 0.4911), (0.241, 0.379), (0.5025469456657926, 0.4162268428153134), (0.7309, 0.48919999999999997), (0.321, 0.339), (0.761, 0.511), (0.5750000000000001, 0.435), (0.425, 0.35500000000000004)]%

--------------RUN9--------------
Execution time: 187.92 seconds
MST cost: 3.0185
Result fitness: 2.2998
Improvement over MST: 27.03%
Result: [(0.489, 0.399), (0.6950000000000001, 0.485), (0.329, 0.3391), (0.5790000000000001, 0.439), (0.14090000000000003, 0.41900000000000004), (0.625, 0.47500000000000003), (0.35900000000000004, 0.5710000000000001), (0.14480000000000004, 0.41500000000000004), (0.5710000000000001, 0.431), (0.765, 0.515), (0.645, 0.495), (0.47900000000000004, 0.399), (0.445, 0.365), (0.17500000000000002, 0.525), (0.731, 0.489), (0.501, 0.41900000000000004), (0.429, 0.491), (0.421, 0.35100000000000003), (0.41500000000000004, 0.515), (0.245, 0.375)]%

--------------RUN10--------------
Execution time: 701.25 seconds
MST cost: 3.0185
Result fitness: 2.1434
Improvement over MST: 33.91%
Result: [(0.641, 0.491), (0.6451, 0.4949), (0.429, 0.499), (0.6950000000000001, 0.485), (0.5710000000000001, 0.431), (0.41100000000000003, 0.34900000000000003), (0.765, 0.515), (0.249, 0.371), (0.16410000000000002, 0.40390000000000004), (0.4916848129080992, 0.4200159637357312), (0.4903550366065999, 0.4252245686839887), (0.28900000000000003, 0.6392000000000001), (0.14780202976602425, 0.4203623781273397), (0.17900000000000002, 0.529), (0.371, 0.341), (0.5999, 0.4499), (0.731, 0.489)]%

--------------AVERAGE--------------
Execution time: 430.85 seconds
Result cost: 2.2423
Improvement over MST: 29.54%

