--------------RUN1--------------
Execution time: 232.29 seconds
MST cost: 3.0185
Result fitness: 2.2122
Improvement over MST: 30.83%
Result: [(0.641, 0.491), (0.5711, 0.4309), (0.6211, 0.47100000000000003), (0.279, 0.629), (0.501, 0.41900000000000004), (0.6491, 0.4908), (0.14100000000000001, 0.41890000000000005), (0.641, 0.491), (0.36890000000000006, 0.341), (0.761, 0.511), (0.7152, 0.4851), (0.425, 0.495), (0.425, 0.495), (0.17500000000000002, 0.525), (0.501, 0.41900000000000004), (0.621, 0.47100000000000003), (0.621, 0.4711), (0.245, 0.375), (0.24509999999999998, 0.375), (0.761, 0.511), (0.7351, 0.4849)]%

--------------RUN2--------------
Execution time: 349.47 seconds
MST cost: 3.0185
Result fitness: 2.2923
Improvement over MST: 27.35%
Result: [(0.41090000000000004, 0.3491), (0.35500000000000004, 0.5750000000000001), (0.6908545415936691, 0.48927337801616927), (0.4891, 0.3991), (0.3211, 0.33890000000000003), (0.641, 0.491), (0.47500000000000003, 0.395), (0.441287968181895, 0.36668034774487784), (0.625, 0.47500000000000003), (0.41100000000000003, 0.519), (0.5710000000000001, 0.431), (0.17500000000000002, 0.525), (0.731, 0.489), (0.14648691859525498, 0.4220053313864161), (0.7689, 0.519), (0.501, 0.41900000000000004), (0.429, 0.491), (0.245, 0.375), (0.5750000000000001, 0.435)]%

--------------RUN3--------------
Execution time: 493.48 seconds
MST cost: 3.0185
Result fitness: 2.1459
Improvement over MST: 33.79%
Result: [(0.641, 0.491), (0.441, 0.361), (0.2489, 0.3789), (0.761, 0.511), (0.171, 0.521), (0.31110000000000004, 0.6611), (0.621, 0.47100000000000003), (0.5710000000000001, 0.431), (0.501, 0.41900000000000004), (0.421, 0.35100000000000003), (0.6989000000000001, 0.481), (0.47100000000000003, 0.391), (0.16750593581978332, 0.4370471738044448), (0.6450451425791983, 0.49480866589645106), (0.371, 0.341), (0.5790000000000001, 0.439), (0.421, 0.499), (0.4891, 0.3991)]%

--------------RUN4--------------
Execution time: 430.05 seconds
MST cost: 3.0185
Result fitness: 2.1785
Improvement over MST: 32.33%
Result: [(0.765, 0.5148), (0.41900000000000004, 0.34900000000000003), (0.7352, 0.485), (0.5710000000000001, 0.431), (0.15146082040933626, 0.4217922945004181), (0.6950288673355958, 0.48504985668948397), (0.489, 0.399), (0.43427732743475284, 0.49126712903326347), (0.25980000000000003, 0.6098000000000001), (0.371, 0.341), (0.6251, 0.47500000000000003), (0.5026121853550449, 0.41623517498425905), (0.645, 0.495), (0.2449, 0.375), (0.5025121853550449, 0.41613517498425906), (0.17500000000000002, 0.525), (0.47490000000000004, 0.39470000000000005), (0.425, 0.35500000000000004), (0.135, 0.42)]%

--------------RUN5--------------
Execution time: 209.24 seconds
MST cost: 3.0185
Result fitness: 2.3022
Improvement over MST: 26.92%
Result: [(0.41500000000000004, 0.5149), (0.421, 0.491), (0.489, 0.399), (0.17900000000000002, 0.529), (0.6950000000000001, 0.485), (0.5790000000000001, 0.431), (0.14499157341611643, 0.41590201423837375), (0.14900000000000002, 0.41900000000000004), (0.41100000000000003, 0.34900000000000003), (0.765, 0.515), (0.375, 0.34500000000000003), (0.429, 0.35900000000000004), (0.645, 0.495), (0.509, 0.41900000000000004), (0.35900000000000004, 0.5709000000000001), (0.47100000000000003, 0.391), (0.245, 0.375), (0.629, 0.47900000000000004), (0.6990000000000001, 0.481)]%

--------------RUN6--------------
Execution time: 304.77 seconds
MST cost: 3.0185
Result fitness: 2.3024
Improvement over MST: 26.92%
Result: [(0.6990000000000001, 0.489), (0.421, 0.491), (0.41500000000000004, 0.3501), (0.41100000000000003, 0.3492), (0.641, 0.491), (0.371, 0.34900000000000003), (0.4889, 0.39890000000000003), (0.41500000000000004, 0.5048), (0.5790000000000001, 0.439), (0.17900000000000002, 0.481), (0.625, 0.47500000000000003), (0.2399, 0.375), (0.5710000000000001, 0.431), (0.1825347483038498, 0.43507906871614715), (0.1825347483038498, 0.43507906871614715), (0.445, 0.365), (0.509, 0.41900000000000004), (0.485, 0.395), (0.17500000000000002, 0.525), (0.731, 0.489), (0.35100000000000003, 0.5790000000000001), (0.41500000000000004, 0.515), (0.47100000000000003, 0.391), (0.761, 0.511), (0.625, 0.47500000000000003)]%

--------------RUN7--------------
Execution time: 95.73 seconds
MST cost: 3.0185
Result fitness: 2.3755
Improvement over MST: 23.84%
Result: [(0.735, 0.485), (0.641, 0.491), (0.171, 0.521), (0.371, 0.34900000000000003), (0.501, 0.41900000000000004), (0.501, 0.4061), (0.40590000000000004, 0.34900000000000003), (0.41500000000000004, 0.515), (0.47100000000000003, 0.391), (0.421, 0.35100000000000003), (0.6910000000000001, 0.481), (0.6461, 0.4939), (0.35500000000000004, 0.5750000000000001), (0.761, 0.511), (0.6199, 0.46990000000000004)]%

--------------RUN8--------------
Execution time: 246.44 seconds
MST cost: 3.0185
Result fitness: 2.2919
Improvement over MST: 27.37%
Result: [(0.4251, 0.4949), (0.489, 0.399), (0.376, 0.34390000000000004), (0.17900000000000002, 0.529), (0.505, 0.41500000000000004), (0.41900000000000004, 0.34900000000000003), (0.6950000000000001, 0.485), (0.6211, 0.47090000000000004), (0.41494412426586597, 0.5168767797082864), (0.41100000000000003, 0.519), (0.765, 0.515), (0.1542, 0.4292), (0.241, 0.379), (0.35910000000000003, 0.5711), (0.645, 0.495), (0.2691, 0.3589), (0.421, 0.35100000000000003), (0.41500000000000004, 0.515), (0.47900000000000004, 0.39890000000000003), (0.6990000000000001, 0.481), (0.5750000000000001, 0.435)]%

--------------RUN9--------------
Execution time: 251.74 seconds
MST cost: 3.0185
Result fitness: 2.3021
Improvement over MST: 26.93%
Result: [(0.621, 0.47100000000000003), (0.17900000000000002, 0.529), (0.371, 0.341), (0.505, 0.41500000000000004), (0.6950000000000001, 0.485), (0.249, 0.371), (0.765, 0.515), (0.429, 0.35900000000000004), (0.645, 0.495), (0.485, 0.395), (0.731, 0.489), (0.35100000000000003, 0.5790000000000001), (0.429, 0.491), (0.41500000000000004, 0.515), (0.47100000000000003, 0.391), (0.171, 0.489), (0.41500000000000004, 0.34500000000000003), (0.5750000000000001, 0.435), (0.16748092901730247, 0.43698176738680256)]%

--------------RUN10--------------
Execution time: 356.33 seconds
MST cost: 3.0185
Result fitness: 2.2918
Improvement over MST: 27.37%
Result: [(0.6910000000000001, 0.489), (0.621, 0.47100000000000003), (0.5708123709878038, 0.43221494197311155), (0.6991, 0.4809), (0.17900000000000002, 0.529), (0.649, 0.491), (0.371, 0.341), (0.41900000000000004, 0.519), (0.641, 0.491), (0.1589, 0.4609), (0.4491, 0.3689), (0.35900000000000004, 0.5711), (0.4289, 0.3511), (0.41100000000000003, 0.34900000000000003), (0.765, 0.515), (0.5089, 0.41900000000000004), (0.485, 0.395), (0.4717987678590899, 0.3918228041616446), (0.3961, 0.5339), (0.429, 0.491), (0.4849, 0.43510000000000004), (0.245, 0.375), (0.379, 0.341)]%

--------------AVERAGE--------------
Execution time: 296.95 seconds
Result cost: 2.2695
Improvement over MST: 28.37%

