--------------RUN1--------------
Execution time: 104.10 seconds
MST cost: 3.0185
Result fitness: 2.3085
Improvement over MST: 26.66%
Result: [(0.641, 0.491), (0.47500000000000003, 0.395), (0.6910000000000001, 0.489), (0.421, 0.35090000000000005), (0.5710000000000001, 0.431), (0.5096252429360006, 0.42094012789636726), (0.765, 0.515), (0.241, 0.379), (0.421, 0.491), (0.375, 0.34500000000000003), (0.41090000000000004, 0.5189), (0.14100000000000001, 0.41900000000000004), (0.629, 0.47900000000000004), (0.445, 0.365), (0.17500000000000002, 0.525), (0.731, 0.489), (0.35100000000000003, 0.5790000000000001), (0.5750000000000001, 0.435)]%

--------------RUN2--------------
Execution time: 135.71 seconds
MST cost: 3.0185
Result fitness: 2.3029
Improvement over MST: 26.90%
Result: [(0.13977121300485199, 0.420952920649539), (0.4411, 0.3688), (0.731, 0.489), (0.501, 0.41900000000000004), (0.5710000000000001, 0.431), (0.371, 0.3491), (0.765, 0.515), (0.6909000000000001, 0.489), (0.41500000000000004, 0.34500000000000003), (0.245, 0.375), (0.6249, 0.47490000000000004), (0.481, 0.3991), (0.649, 0.491), (0.4291, 0.4911), (0.17500000000000002, 0.525), (0.641, 0.4909)]%

--------------RUN3--------------
Execution time: 367.55 seconds
MST cost: 3.0185
Result fitness: 2.1689
Improvement over MST: 32.76%
Result: [(0.6209, 0.47100000000000003), (0.505, 0.41500000000000004), (0.4849, 0.395), (0.6950000000000001, 0.485), (0.429, 0.491), (0.421, 0.35100000000000003), (0.245, 0.3749), (0.47070000000000006, 0.391), (0.4452, 0.365), (0.17900000000000002, 0.529), (0.29480000000000006, 0.6352000000000001), (0.739, 0.489), (0.645, 0.495), (0.379, 0.3411), (0.761, 0.511), (0.5750000000000001, 0.435), (0.14562047804173966, 0.42251096160664814)]%

--------------RUN4--------------
Execution time: 300.65 seconds
MST cost: 3.0185
Result fitness: 2.1411
Improvement over MST: 34.01%
Result: [(0.47500000000000003, 0.395), (0.641, 0.4911), (0.6909000000000001, 0.4889), (0.5710000000000001, 0.431), (0.4249, 0.3552), (0.2811, 0.6311), (0.7649, 0.5149), (0.421, 0.4988), (0.41900000000000004, 0.5109), (0.649, 0.491), (0.14100000000000001, 0.41900000000000004), (0.379, 0.341), (0.5049, 0.4151), (0.7313, 0.4891), (0.17500000000000002, 0.525), (0.2449, 0.3751), (0.625, 0.47500000000000003)]%

--------------RUN5--------------
Execution time: 248.11 seconds
MST cost: 3.0185
Result fitness: 2.1559
Improvement over MST: 33.34%
Result: [(0.641, 0.491), (0.47500000000000003, 0.395), (0.6990000000000001, 0.489), (0.4251, 0.4949), (0.501, 0.41900000000000004), (0.765, 0.515), (0.249, 0.371), (0.42119999999999996, 0.3511), (0.1417606125365402, 0.4201515184706752), (0.5709000000000001, 0.431), (0.371, 0.341), (0.3138000000000001, 0.6611000000000001), (0.731, 0.489), (0.17500000000000002, 0.5251), (0.75, 0.5)]%

--------------RUN6--------------
Execution time: 99.70 seconds
MST cost: 3.0185
Result fitness: 2.1454
Improvement over MST: 33.82%
Result: [(0.41900000000000004, 0.34900000000000003), (0.14900000000000002, 0.41900000000000004), (0.6950000000000001, 0.485), (0.2801, 0.6301), (0.501, 0.41900000000000004), (0.765, 0.515), (0.245, 0.375), (0.375, 0.34500000000000003), (0.629, 0.47900000000000004), (0.645, 0.495), (0.421, 0.499), (0.509, 0.41900000000000004), (0.17500000000000002, 0.525), (0.731, 0.489), (0.5750000000000001, 0.435), (0.425, 0.35500000000000004)]%

--------------RUN7--------------
Execution time: 479.51 seconds
MST cost: 3.0185
Result fitness: 2.1364
Improvement over MST: 34.23%
Result: [(0.641, 0.491), (0.47500000000000003, 0.395), (0.505, 0.41500000000000004), (0.16748092901730247, 0.4369817673868026), (0.171, 0.521), (0.621, 0.47100000000000003), (0.429, 0.491), (0.241, 0.379), (0.5710000000000001, 0.4311), (0.6909000000000001, 0.489), (0.281704911154718, 0.6328407228062538), (0.3749, 0.34500000000000003), (0.731, 0.4889), (0.761, 0.511), (0.425, 0.35500000000000004)]%

--------------RUN8--------------
Execution time: 269.10 seconds
MST cost: 3.0185
Result fitness: 2.2023
Improvement over MST: 31.27%
Result: [(0.641, 0.491), (0.6910000000000001, 0.489), (0.501, 0.41900000000000004), (0.621, 0.47100000000000003), (0.421, 0.35100000000000003), (0.765, 0.515), (0.249, 0.371), (0.5710000000000001, 0.43100000000000005), (0.27675180970175145, 0.6418580916660068), (0.17900000000000002, 0.529), (0.649, 0.491), (0.375, 0.34500000000000003), (0.421, 0.499), (0.731, 0.489), (0.14001897661212595, 0.420900393670745)]%

--------------RUN9--------------
Execution time: 348.97 seconds
MST cost: 3.0185
Result fitness: 2.1340
Improvement over MST: 34.33%
Result: [(0.171, 0.521), (0.16748092901730247, 0.4369817673868026), (0.6950000000000001, 0.485), (0.429, 0.491), (0.5790000000000001, 0.431), (0.501, 0.41900000000000004), (0.249, 0.371), (0.421, 0.35100000000000003), (0.481, 0.399), (0.7611, 0.5109), (0.371, 0.341), (0.739, 0.489), (0.645, 0.495), (0.2862, 0.6363000000000001), (0.625, 0.47500000000000003)]%

--------------RUN10--------------
Execution time: 239.84 seconds
MST cost: 3.0185
Result fitness: 2.1556
Improvement over MST: 33.36%
Result: [(0.47500000000000003, 0.395), (0.6910000000000001, 0.489), (0.24109999999999998, 0.379), (0.4249, 0.35490000000000005), (0.429, 0.491), (0.621, 0.47100000000000003), (0.2901, 0.6399), (0.7612, 0.5108), (0.6411, 0.491), (0.7311, 0.489), (0.5790000000000001, 0.439), (0.3752, 0.3451), (0.17500000000000002, 0.525), (0.5051, 0.4151), (0.41900000000000004, 0.34890000000000004), (0.5790000000000001, 0.439)]%

--------------AVERAGE--------------
Execution time: 259.32 seconds
Result cost: 2.1851
Improvement over MST: 32.07%

