--------------RUN1--------------
Execution time: 235.43 seconds
MST cost: 3.0185
Result fitness: 2.1742
Improvement over MST: 32.52%
Result: [(0.7649, 0.5147), (0.735, 0.485), (0.171, 0.521), (0.6950000000000001, 0.485), (0.621, 0.47100000000000003), (0.429, 0.491), (0.241, 0.379), (0.47100000000000003, 0.391), (0.41500000000000004, 0.34500000000000003), (0.1685953476762736, 0.43702197887493255), (0.375, 0.34500000000000003), (0.5709000000000001, 0.4311), (0.645, 0.495), (0.241, 0.5991), (0.5051, 0.4151), (0.5750000000000001, 0.435), (0.425, 0.35500000000000004)]%

--------------RUN2--------------
Execution time: 283.04 seconds
MST cost: 3.0185
Result fitness: 2.1665
Improvement over MST: 32.87%
Result: [(0.505, 0.41500000000000004), (0.621, 0.47090000000000004), (0.761, 0.511), (0.6950000000000001, 0.485), (0.371, 0.34900000000000003), (0.429, 0.491), (0.241, 0.379), (0.5740000000000001, 0.4339), (0.6437, 0.4939), (0.17900000000000002, 0.529), (0.5038151562325996, 0.41490641232286035), (0.4199, 0.34990000000000004), (0.41900000000000004, 0.511), (0.2552, 0.6052000000000001), (0.14582426557825542, 0.4224406957336514), (0.731, 0.489)]%

--------------RUN3--------------
Execution time: 327.39 seconds
MST cost: 3.0185
Result fitness: 2.1406
Improvement over MST: 34.03%
Result: [(0.47900000000000004, 0.391), (0.6950000000000001, 0.485), (0.429, 0.491), (0.5710000000000001, 0.431), (0.249, 0.371), (0.47100000000000003, 0.391), (0.5750000000000001, 0.435), (0.7309, 0.4891), (0.14100000000000001, 0.41900000000000004), (0.629, 0.47900000000000004), (0.6452, 0.4948), (0.3789, 0.34080000000000005), (0.30010000000000003, 0.6501), (0.17500000000000002, 0.525), (0.761, 0.511), (0.5011, 0.41900000000000004), (0.4208, 0.35090000000000005)]%

--------------RUN4--------------
Execution time: 303.26 seconds
MST cost: 3.0185
Result fitness: 2.1743
Improvement over MST: 32.51%
Result: [(0.735, 0.485), (0.641, 0.491), (0.2561, 0.6043), (0.429, 0.491), (0.501, 0.41900000000000004), (0.5710000000000001, 0.431), (0.421, 0.35100000000000003), (0.765, 0.515), (0.481, 0.399), (0.241, 0.3791), (0.649, 0.491), (0.14100000000000001, 0.41900000000000004), (0.17500000000000002, 0.5249), (0.3649, 0.34500000000000003), (0.2309, 0.5892)]%

--------------RUN5--------------
Execution time: 436.49 seconds
MST cost: 3.0185
Result fitness: 2.1359
Improvement over MST: 34.25%
Result: [(0.505, 0.41500000000000004), (0.641, 0.4911), (0.14900000000000002, 0.41900000000000004), (0.429, 0.491), (0.5710000000000001, 0.431), (0.421, 0.35100000000000003), (0.765, 0.515), (0.6911, 0.489), (0.249, 0.371), (0.5089, 0.41890000000000005), (0.29910000000000003, 0.6491), (0.17900000000000002, 0.529), (0.4809, 0.39890000000000003), (0.371, 0.341), (0.6489, 0.491), (0.731, 0.489), (0.625, 0.47500000000000003), (0.4809, 0.39890000000000003)]%

--------------RUN6--------------
Execution time: 128.95 seconds
MST cost: 3.0185
Result fitness: 2.3090
Improvement over MST: 26.64%
Result: [(0.6910000000000001, 0.489), (0.17900000000000002, 0.529), (0.649, 0.491), (0.425, 0.35500000000000004), (0.47500000000000003, 0.395), (0.505, 0.41500000000000004), (0.7287572285871279, 0.48578170260200637), (0.625, 0.47500000000000003), (0.41100000000000003, 0.519), (0.14900000000000002, 0.41900000000000004), (0.241, 0.379), (0.329, 0.339), (0.645, 0.495), (0.485, 0.395), (0.35100000000000003, 0.5790000000000001), (0.429, 0.491), (0.41500000000000004, 0.34500000000000003), (0.41490000000000005, 0.5149), (0.761, 0.511), (0.5750000000000001, 0.435)]%

--------------RUN7--------------
Execution time: 329.07 seconds
MST cost: 3.0185
Result fitness: 2.2840
Improvement over MST: 27.71%
Result: [(0.15650181115212455, 0.42830154153178096), (0.41900000000000004, 0.34900000000000003), (0.6451, 0.495), (0.621, 0.47100000000000003), (0.6950000000000001, 0.485), (0.761, 0.5113), (0.4182466932267757, 0.5178144415987408), (0.249, 0.371), (0.5710000000000001, 0.431), (0.429, 0.491), (0.17900000000000002, 0.529), (0.371, 0.341), (0.429, 0.35900000000000004), (0.47900000000000004, 0.399), (0.35500000000000004, 0.5750000000000001), (0.731, 0.489), (0.5009, 0.41900000000000004), (0.41100000000000003, 0.519)]%

--------------RUN8--------------
Execution time: 349.12 seconds
MST cost: 3.0185
Result fitness: 2.1492
Improvement over MST: 33.64%
Result: [(0.7609, 0.5109), (0.425, 0.495), (0.41900000000000004, 0.34900000000000003), (0.6990000000000001, 0.489), (0.5710000000000001, 0.431), (0.6411, 0.4909), (0.4751, 0.3951), (0.27418242092619927, 0.630896517910738), (0.14890000000000003, 0.41910000000000003), (0.739, 0.489), (0.3649, 0.34500000000000003), (0.17500000000000002, 0.525), (0.4889, 0.3991), (0.5011, 0.41900000000000004), (0.24109999999999998, 0.3789), (0.425, 0.35500000000000004)]%

--------------RUN9--------------
Execution time: 288.75 seconds
MST cost: 3.0185
Result fitness: 2.1660
Improvement over MST: 32.89%
Result: [(0.6910000000000001, 0.489), (0.641, 0.4911), (0.621, 0.47100000000000003), (0.5710000000000001, 0.431), (0.41100000000000003, 0.34900000000000003), (0.7309, 0.4889), (0.249, 0.371), (0.5089, 0.41910000000000003), (0.47100000000000003, 0.391), (0.304, 0.6493), (0.17900000000000002, 0.529), (0.371, 0.341), (0.41900000000000004, 0.511), (0.4211, 0.491), (0.7611, 0.5109), (0.14001897661212595, 0.420900393670745)]%

--------------RUN10--------------
Execution time: 430.98 seconds
MST cost: 3.0185
Result fitness: 2.1509
Improvement over MST: 33.57%
Result: [(0.641, 0.491), (0.6451, 0.4949), (0.41900000000000004, 0.34900000000000003), (0.2791, 0.6342), (0.5710000000000001, 0.4309), (0.501, 0.41900000000000004), (0.429, 0.491), (0.241, 0.379), (0.761, 0.519), (0.17900000000000002, 0.529), (0.3239, 0.3441), (0.14100000000000001, 0.41900000000000004), (0.6951, 0.485), (0.731, 0.4889), (0.625, 0.47500000000000003), (0.5750000000000001, 0.435), (0.425, 0.35500000000000004), (0.241, 0.379), (0.241, 0.379)]%

--------------AVERAGE--------------
Execution time: 311.25 seconds
Result cost: 2.1851
Improvement over MST: 32.06%

