--------------RUN1--------------
Execution time: 255.39 seconds
MST cost: 3.0185
Result fitness: 2.1679
Improvement over MST: 32.80%
Result: [(0.425, 0.495), (0.7610416666666667, 0.5189583333333333), (0.6910833333333335, 0.4809583333333333), (0.501, 0.41900000000000004), (0.6433094010767585, 0.495), (0.5790416666666668, 0.43895833333333334), (0.6909583333333333, 0.48104166666666665), (0.245, 0.375), (0.14100000000000001, 0.41900000000000004), (0.629, 0.47900000000000004), (0.30650696170356506, 0.655952563372528), (0.321, 0.339), (0.17500000000000002, 0.525), (0.625, 0.47500000000000003), (0.425, 0.35500000000000004)]%

--------------RUN2--------------
Execution time: 277.53 seconds
MST cost: 3.0185
Result fitness: 2.3032
Improvement over MST: 26.88%
Result: [(0.735, 0.485), (0.421, 0.499), (0.4155492810015905, 0.5148925400287147), (0.505, 0.41500000000000004), (0.371, 0.34900000000000003), (0.6950000000000001, 0.485), (0.35900000000000004, 0.5710000000000001), (0.625, 0.47500000000000003), (0.14900000000000002, 0.41900000000000004), (0.765, 0.515), (0.645, 0.495), (0.445, 0.365), (0.485, 0.395), (0.17500000000000002, 0.525), (0.41500000000000004, 0.515), (0.421, 0.35100000000000003), (0.47100000000000003, 0.391), (0.41500000000000004, 0.34500000000000003), (0.245, 0.375), (0.5750000000000001, 0.435)]%

--------------RUN3--------------
Execution time: 502.55 seconds
MST cost: 3.0185
Result fitness: 2.1804
Improvement over MST: 32.24%
Result: [(0.14900000000000002, 0.41900000000000004), (0.41900000000000004, 0.34900000000000003), (0.429, 0.491), (0.501, 0.41900000000000004), (0.7649166666666666, 0.515), (0.4110416666666667, 0.34895833333333337), (0.321, 0.339), (0.17500000000000002, 0.525), (0.731, 0.489), (0.2909583333333334, 0.6390833333333334), (0.5750000000000001, 0.435), (0.625, 0.47500000000000003), (0.425, 0.35500000000000004), (0.21, 0.41)]%

--------------RUN4--------------
Execution time: 380.27 seconds
MST cost: 3.0185
Result fitness: 2.1998
Improvement over MST: 31.38%
Result: [(0.735, 0.485), (0.641, 0.491), (0.429, 0.35100000000000003), (0.5710000000000001, 0.431), (0.249, 0.371), (0.319, 0.6690833333333335), (0.501, 0.4189583333333334), (0.33, 0.3400416666666667), (0.17500000000000002, 0.525), (0.761, 0.511), (0.42895833333333333, 0.49104166666666665)]%

--------------RUN5--------------
Execution time: 199.32 seconds
MST cost: 3.0185
Result fitness: 2.3174
Improvement over MST: 26.28%
Result: [(0.735, 0.485), (0.641, 0.491), (0.6910000000000001, 0.489), (0.505, 0.41500000000000004), (0.171, 0.521), (0.14900000000000002, 0.41900000000000004), (0.629, 0.47100000000000003), (0.41500000000000004, 0.34500000000000003), (0.5750000000000001, 0.435), (0.489, 0.399), (0.245, 0.375), (0.375, 0.34500000000000003), (0.421, 0.499), (0.35500000000000004, 0.5750000000000001), (0.761, 0.511), (0.41100000000000003, 0.519), (0.425, 0.35500000000000004), (0.489, 0.399)]%

--------------RUN6--------------
Execution time: 296.76 seconds
MST cost: 3.0185
Result fitness: 2.1739
Improvement over MST: 32.53%
Result: [(0.505, 0.41500000000000004), (0.41900000000000004, 0.34900000000000003), (0.731, 0.489), (0.2559583333333334, 0.6060416666666667), (0.429, 0.491), (0.761, 0.511), (0.5710000000000001, 0.431), (0.441, 0.369), (0.14100000000000001, 0.41900000000000004), (0.645, 0.495), (0.509, 0.41900000000000004), (0.321, 0.339), (0.24504166666666666, 0.37504166666666666), (0.17500000000000002, 0.525), (0.6932775519897592, 0.48573997428847693)]%

--------------RUN7--------------
Execution time: 734.61 seconds
MST cost: 3.0185
Result fitness: 2.1579
Improvement over MST: 33.25%
Result: [(0.3049166666666667, 0.640125), (0.429, 0.491), (0.765, 0.515), (0.6949583333333333, 0.4849583333333333), (0.28987500000000005, 0.640125), (0.17900000000000002, 0.529), (0.375, 0.34500000000000003), (0.429, 0.35900000000000004), (0.645, 0.495), (0.5749583333333333, 0.4349166666666667), (0.731, 0.489), (0.5009583333333333, 0.4190416666666667), (0.249, 0.379)]%

--------------RUN8--------------
Execution time: 406.54 seconds
MST cost: 3.0185
Result fitness: 2.2791
Improvement over MST: 27.92%
Result: [(0.761, 0.511), (0.3482840351357355, 0.5555977586245388), (0.699098069330236, 0.48155177799989146), (0.5710000000000001, 0.431), (0.5840416666666668, 0.439), (0.20410569306704737, 0.4201561665003154), (0.33824236846906885, 0.5555977586245388), (0.4700416666666667, 0.3900416666666667), (0.25140073104899574, 0.502606195571864), (0.645, 0.495), (0.5840416666666668, 0.439), (0.321, 0.339), (0.761, 0.511), (0.6950000000000001, 0.4849583333333333), (0.3482840351357355, 0.5555977586245388), (0.35100000000000003, 0.5790000000000001), (0.421, 0.35100000000000003), (0.42, 0.52), (0.21, 0.41), (0.5710000000000001, 0.431)]%

--------------RUN9--------------
Execution time: 364.61 seconds
MST cost: 3.0185
Result fitness: 2.1750
Improvement over MST: 32.48%
Result: [(0.641, 0.491), (0.6910000000000001, 0.489), (0.6991799254146285, 0.48201169723987125), (0.501, 0.41900000000000004), (0.429, 0.491), (0.5710000000000001, 0.431), (0.249, 0.371), (0.2739583333333333, 0.6360416666666667), (0.649, 0.491), (0.14100000000000001, 0.41900000000000004), (0.379, 0.341), (0.47100000000000003, 0.399), (0.17500000000000002, 0.525), (0.761, 0.511), (0.625, 0.47500000000000003)]%

--------------RUN10--------------
Execution time: 242.47 seconds
MST cost: 3.0185
Result fitness: 2.3039
Improvement over MST: 26.85%
Result: [(0.3589583333333334, 0.5710416666666668), (0.4150416666666667, 0.3450416666666667), (0.489, 0.399), (0.421, 0.499), (0.425, 0.35500000000000004), (0.505, 0.41500000000000004), (0.171, 0.521), (0.6950000000000001, 0.485), (0.625, 0.47500000000000003), (0.5710000000000001, 0.431), (0.765, 0.515), (0.329, 0.339), (0.645, 0.495), (0.731, 0.489), (0.5090416666666667, 0.4190416666666667), (0.41500000000000004, 0.515), (0.47100000000000003, 0.391), (0.245, 0.375), (0.14017123309626606, 0.42027437789260924)]%

--------------AVERAGE--------------
Execution time: 366.00 seconds
Result cost: 2.2258
Improvement over MST: 30.26%

