--------------RUN1--------------
Execution time: 110.71 seconds
MST cost: 3.0185
Result fitness: 2.2971
Improvement over MST: 27.14%
Result: [(0.47125, 0.391), (0.621, 0.47100000000000003), (0.489, 0.399), (0.421, 0.499), (0.505, 0.41500000000000004), (0.41900000000000004, 0.34900000000000003), (0.6950000000000001, 0.485), (0.371, 0.34900000000000003), (0.5790000000000001, 0.431), (0.739, 0.489), (0.329, 0.339), (0.241, 0.379), (0.429, 0.35900000000000004), (0.645, 0.495), (0.509, 0.41900000000000004), (0.14552047804173968, 0.42261096160664813), (0.17500000000000002, 0.525), (0.41500000000000004, 0.515), (0.35875000000000007, 0.57125), (0.761, 0.511)]%

--------------RUN2--------------
Execution time: 80.53 seconds
MST cost: 3.0185
Result fitness: 2.2886
Improvement over MST: 27.51%
Result: [(0.449, 0.369), (0.41125, 0.34875000000000006), (0.32575000000000004, 0.3445), (0.5710000000000001, 0.431), (0.765, 0.515), (0.241, 0.379), (0.47100000000000003, 0.39050000000000007), (0.6255, 0.47525), (0.20414363868831953, 0.42010727023100597), (0.3526340069415463, 0.5547220515613477), (0.73075, 0.48949999999999994), (0.25148406438232906, 0.5023978622385308), (0.765, 0.515)]%

--------------RUN3--------------
Execution time: 130.65 seconds
MST cost: 3.0185
Result fitness: 2.1513
Improvement over MST: 33.55%
Result: [(0.50125, 0.41925), (0.2900000000000001, 0.6395000000000001), (0.47100000000000003, 0.391), (0.42649999999999993, 0.49350000000000005), (0.245, 0.375), (0.17900000000000002, 0.529), (0.371, 0.341), (0.6907500000000001, 0.48924999999999996), (0.761, 0.51375), (0.509, 0.41900000000000004), (0.485, 0.395), (0.1579299802770796, 0.43544253030507085), (0.41875000000000007, 0.34925), (0.7305, 0.48924999999999996)]%

--------------RUN4--------------
Execution time: 126.23 seconds
MST cost: 3.0185
Result fitness: 2.2838
Improvement over MST: 27.71%
Result: [(0.6910000000000001, 0.489), (0.41900000000000004, 0.34900000000000003), (0.425, 0.495), (0.5707500000000001, 0.431), (0.761, 0.511), (0.15925000000000003, 0.42925), (0.621, 0.47100000000000003), (0.31499999999999995, 0.34475000000000006), (0.5790000000000001, 0.439), (0.641, 0.49124999999999996), (0.49575, 0.42425), (0.17500000000000002, 0.525), (0.731, 0.489), (0.24525, 0.37450000000000006)]%

--------------RUN5--------------
Execution time: 70.69 seconds
MST cost: 3.0185
Result fitness: 2.1959
Improvement over MST: 31.55%
Result: [(0.641, 0.491), (0.6908545415936691, 0.4892733780161693), (0.14900000000000002, 0.41900000000000004), (0.501, 0.41900000000000004), (0.429, 0.491), (0.5710000000000001, 0.431), (0.41100000000000003, 0.34900000000000003), (0.241, 0.379), (0.6993678814092115, 0.4818969906920704), (0.17900000000000002, 0.529), (0.30575, 0.6365000000000001), (0.321, 0.339), (0.761, 0.511), (0.6908545415936691, 0.4892733780161693)]%

--------------RUN6--------------
Execution time: 39.66 seconds
MST cost: 3.0185
Result fitness: 2.3134
Improvement over MST: 26.45%
Result: [(0.429, 0.491), (0.501, 0.41900000000000004), (0.5710000000000001, 0.431), (0.329, 0.339), (0.1820432444909657, 0.42983263489864965), (0.245, 0.375), (0.17900000000000002, 0.529), (0.1825347483038498, 0.43507906871614715), (0.6990000000000001, 0.481), (0.645, 0.495), (0.17900000000000002, 0.481), (0.761, 0.511), (0.625, 0.47500000000000003), (0.425, 0.35500000000000004)]%

--------------RUN7--------------
Execution time: 34.98 seconds
MST cost: 3.0185
Result fitness: 2.3156
Improvement over MST: 26.36%
Result: [(0.41375000000000006, 0.519), (0.14900000000000002, 0.41900000000000004), (0.76925, 0.511), (0.6950000000000001, 0.485), (0.371, 0.34900000000000003), (0.5710000000000001, 0.431), (0.41100000000000003, 0.34900000000000003), (0.501, 0.41900000000000004), (0.7285, 0.48875), (0.429, 0.491), (0.47100000000000003, 0.391), (0.48875, 0.39875000000000005), (0.17900000000000002, 0.529), (0.645, 0.495), (0.42075, 0.49875), (0.35500000000000004, 0.5750000000000001), (0.249, 0.379), (0.425, 0.35500000000000004), (0.501, 0.41900000000000004)]%

--------------RUN8--------------
Execution time: 133.02 seconds
MST cost: 3.0185
Result fitness: 2.3028
Improvement over MST: 26.90%
Result: [(0.5745000000000001, 0.435), (0.505, 0.41500000000000004), (0.41900000000000004, 0.34900000000000003), (0.425, 0.495), (0.761, 0.511), (0.6950000000000001, 0.485), (0.621, 0.47100000000000003), (0.47100000000000003, 0.391), (0.489, 0.399), (0.17900000000000002, 0.529), (0.14625000000000002, 0.42425), (0.739, 0.489), (0.645, 0.495), (0.3729927714128721, 0.34028170260200646), (0.249, 0.379), (0.425, 0.35500000000000004), (0.501, 0.41900000000000004)]%

--------------RUN9--------------
Execution time: 59.60 seconds
MST cost: 3.0185
Result fitness: 2.3130
Improvement over MST: 26.47%
Result: [(0.6907500000000001, 0.489), (0.621, 0.47100000000000003), (0.649, 0.491), (0.42524999999999996, 0.35500000000000004), (0.47500000000000003, 0.395), (0.50475, 0.41525), (0.41875000000000007, 0.34900000000000003), (0.425, 0.495), (0.5707500000000001, 0.43124999999999997), (0.765, 0.515), (0.24075, 0.37925), (0.37525, 0.34500000000000003), (0.1825347483038498, 0.4345790687161472), (0.645, 0.495), (0.485, 0.39525), (0.17500000000000002, 0.525), (0.73125, 0.48924999999999996), (0.35125, 0.5790000000000001), (0.41500000000000004, 0.515), (0.321, 0.339)]%

--------------RUN10--------------
Execution time: 120.23 seconds
MST cost: 3.0185
Result fitness: 2.2005
Improvement over MST: 31.35%
Result: [(0.641, 0.491), (0.69125, 0.48124999999999996), (0.41900000000000004, 0.34900000000000003), (0.731, 0.489), (0.761, 0.511), (0.1633453476762736, 0.43702197887493255), (0.621, 0.47100000000000003), (0.50075, 0.41925), (0.5710000000000001, 0.431), (0.30850000000000005, 0.63475), (0.249, 0.371), (0.429, 0.491), (0.17900000000000002, 0.529), (0.371, 0.341), (0.645, 0.49475), (0.5750000000000001, 0.435)]%

--------------AVERAGE--------------
Execution time: 90.63 seconds
Result cost: 2.2662
Improvement over MST: 28.50%

