--------------RUN1--------------
Execution time: 236.09 seconds
MST cost: 3.0185
Result fitness: 2.1664
Improvement over MST: 32.87%
Result: [(0.690854340071474, 0.4892733294704682), (0.175125, 0.524875), (0.14900000000000002, 0.41900000000000004), (0.628875, 0.47887500000000005), (0.315125, 0.665125), (0.241, 0.379), (0.761, 0.519), (0.5751250000000001, 0.434875), (0.411125, 0.349125), (0.6411250000000001, 0.491), (0.41900000000000004, 0.511), (0.5047499999999999, 0.415125), (0.421, 0.499), (0.321, 0.339), (0.731, 0.489)]%

--------------RUN2--------------
Execution time: 70.81 seconds
MST cost: 3.0185
Result fitness: 2.3132
Improvement over MST: 26.46%
Result: [(0.621, 0.47100000000000003), (0.425, 0.35500000000000004), (0.505, 0.41500000000000004), (0.6950000000000001, 0.485), (0.5790000000000001, 0.439), (0.5710000000000001, 0.431), (0.765, 0.515), (0.1826597483038498, 0.43507906871614715), (0.375, 0.34500000000000003), (0.41887500000000005, 0.34887500000000005), (0.645, 0.495), (0.485, 0.395), (0.17500000000000002, 0.525), (0.731, 0.489), (0.35100000000000003, 0.5790000000000001), (0.429, 0.491), (0.41500000000000004, 0.515), (0.47100000000000003, 0.391), (0.245, 0.375)]%

--------------RUN3--------------
Execution time: 82.84 seconds
MST cost: 3.0185
Result fitness: 2.3095
Improvement over MST: 26.62%
Result: [(0.6910000000000001, 0.489), (0.621, 0.47100000000000003), (0.649, 0.491), (0.379125, 0.34900000000000003), (0.41487500000000005, 0.34487500000000004), (0.47500000000000003, 0.395), (0.505125, 0.41487500000000005), (0.5790000000000001, 0.439), (0.425, 0.495), (0.14900000000000002, 0.41900000000000004), (0.765, 0.515), (0.329, 0.339), (0.570875, 0.431), (0.445, 0.365), (0.485, 0.395), (0.731, 0.489), (0.35100000000000003, 0.5790000000000001), (0.175125, 0.525), (0.41500000000000004, 0.515), (0.421, 0.35100000000000003), (0.6451250000000001, 0.494875), (0.245, 0.375), (0.13574178214114152, 0.4173604503258195)]%

--------------RUN4--------------
Execution time: 66.69 seconds
MST cost: 3.0185
Result fitness: 2.3031
Improvement over MST: 26.89%
Result: [(0.641, 0.491), (0.6910000000000001, 0.489), (0.505, 0.41500000000000004), (0.371, 0.34900000000000003), (0.429, 0.491), (0.5710000000000001, 0.431), (0.41100000000000003, 0.34900000000000003), (0.41500000000000004, 0.515), (0.739, 0.481), (0.35900000000000004, 0.5710000000000001), (0.241, 0.379), (0.329, 0.339), (0.17900000000000002, 0.529), (0.649, 0.491), (0.14100000000000001, 0.41900000000000004), (0.509, 0.41900000000000004), (0.761, 0.511), (0.625, 0.47500000000000003), (0.329, 0.339)]%

--------------RUN5--------------
Execution time: 182.72 seconds
MST cost: 3.0185
Result fitness: 2.2919
Improvement over MST: 27.37%
Result: [(0.41500000000000004, 0.5147499999999999), (0.765, 0.514875), (0.359125, 0.5710000000000001), (0.6992500000000001, 0.488875), (0.249, 0.371), (0.175125, 0.5251250000000001), (0.421, 0.491125), (0.41500000000000004, 0.34500000000000003), (0.6411250000000001, 0.491125), (0.44075000000000003, 0.36937499999999995), (0.14851113164874832, 0.423582593228608), (0.371, 0.341), (0.5711250000000001, 0.431), (0.739, 0.489), (0.509, 0.41900000000000004), (0.625, 0.47500000000000003)]%

--------------RUN6--------------
Execution time: 238.76 seconds
MST cost: 3.0185
Result fitness: 2.1407
Improvement over MST: 34.03%
Result: [(0.30024999999999996, 0.6502500000000001), (0.6910000000000001, 0.489), (0.41900000000000004, 0.34900000000000003), (0.425, 0.495), (0.761, 0.511), (0.501, 0.41900000000000004), (0.5790000000000001, 0.431), (0.641125, 0.49112500000000003), (0.321, 0.339), (0.17900000000000002, 0.529), (0.585875, 0.435875), (0.241, 0.371), (0.14738966521471125, 0.42123982111944175), (0.731, 0.489), (0.4629787638266387, 0.3941559430182976)]%

--------------RUN7--------------
Execution time: 273.59 seconds
MST cost: 3.0185
Result fitness: 2.1330
Improvement over MST: 34.38%
Result: [(0.47500000000000003, 0.395), (0.505, 0.41500000000000004), (0.429, 0.35100000000000003), (0.6950000000000001, 0.485), (0.28587500000000005, 0.636125), (0.5710000000000001, 0.431), (0.429, 0.491), (0.6451250000000001, 0.495), (0.32625, 0.34425), (0.760875, 0.510875), (0.489, 0.399), (0.375, 0.34500000000000003), (0.735125, 0.485125), (0.17062500000000005, 0.521), (0.17062500000000005, 0.521), (0.624875, 0.47487500000000005), (0.15697853805896803, 0.4371003553395304), (0.241, 0.379), (0.171, 0.521)]%

--------------RUN8--------------
Execution time: 95.88 seconds
MST cost: 3.0185
Result fitness: 2.3098
Improvement over MST: 26.60%
Result: [(0.6951250000000001, 0.485125), (0.734875, 0.485), (0.245, 0.374875), (0.761125, 0.510875), (0.5750000000000001, 0.434875), (0.628875, 0.47925), (0.47887500000000005, 0.399125), (0.35900000000000004, 0.5710000000000001), (0.14900000000000002, 0.41900000000000004), (0.509, 0.41100000000000003), (0.41900000000000004, 0.34887500000000005), (0.57875, 0.439), (0.17500000000000002, 0.525), (0.320875, 0.339), (0.500875, 0.401), (0.429, 0.491), (0.421, 0.35100000000000003), (0.644875, 0.495), (0.41500000000000004, 0.515), (0.440875, 0.361125)]%

--------------RUN9--------------
Execution time: 63.50 seconds
MST cost: 3.0185
Result fitness: 2.3255
Improvement over MST: 25.94%
Result: [(0.6910000000000001, 0.489), (0.425, 0.495), (0.501, 0.41900000000000004), (0.41500000000000004, 0.515), (0.731, 0.481), (0.35100000000000003, 0.5710000000000001), (0.241, 0.379), (0.41500000000000004, 0.34500000000000003), (0.375, 0.34500000000000003), (0.649, 0.491), (0.14100000000000001, 0.41900000000000004), (0.5790000000000001, 0.439), (0.6454034267029445, 0.4923948258413855), (0.429, 0.35900000000000004), (0.321, 0.339), (0.17500000000000002, 0.525), (0.761, 0.511)]%

--------------RUN10--------------
Execution time: 184.37 seconds
MST cost: 3.0185
Result fitness: 2.2170
Improvement over MST: 30.62%
Result: [(0.641, 0.491), (0.761, 0.511), (0.6990000000000001, 0.489), (0.5096252429360006, 0.42094012789636726), (0.5710000000000001, 0.431), (0.20410569306704737, 0.4201561665003154), (0.41500000000000004, 0.515), (0.421, 0.491), (0.25148406438232906, 0.5026478622385308), (0.4190346981072857, 0.5193497386206444), (0.35672352123106044, 0.5497872584025371), (0.731, 0.489), (0.625, 0.47500000000000003), (0.5750000000000001, 0.435), (0.761, 0.511)]%

--------------AVERAGE--------------
Execution time: 149.53 seconds
Result cost: 2.2510
Improvement over MST: 29.18%

